1.411065375489619633e+00 0.000000000000000000e+00 0.000000000000000000e+00 0.000000000000000000e+00 0.000000000000000000e+00 0.000000000000000000e+00 0.000000000000000000e+00 0.000000000000000000e+00 0.000000000000000000e+00 0.000000000000000000e+00
-7.024337445666588575e-01 1.398946248859940233e+00 0.000000000000000000e+00 0.000000000000000000e+00 0.000000000000000000e+00 0.000000000000000000e+00 0.000000000000000000e+00 0.000000000000000000e+00 0.000000000000000000e+00 0.000000000000000000e+00
-6.956546172529712857e-01 -6.948956898300432394e-01 1.233984696140492554e+00 0.000000000000000000e+00 0.000000000000000000e+00 0.000000000000000000e+00 0.000000000000000000e+00 0.000000000000000000e+00 0.000000000000000000e+00 0.000000000000000000e+00
2.748222847580097938e-03 -6.961025936037599227e-01 4.126501670407644040e-01 1.157666508127646487e+00 0.000000000000000000e+00 0.000000000000000000e+00 0.000000000000000000e+00 0.000000000000000000e+00 0.000000000000000000e+00 0.000000000000000000e+00
7.053450030882221222e-01 -6.966353174819182037e-01 -4.117444538805863363e-01 5.767602610111445260e-01 9.997151667864874192e-01 0.000000000000000000e+00 0.000000000000000000e+00 0.000000000000000000e+00 0.000000000000000000e+00 0.000000000000000000e+00
2.562903042366449814e-03 -6.931180413726210077e-01 -4.078802092589384753e-01 -2.925879221947708664e-01 4.966515026024765911e-01 9.955688686455278491e-01 0.000000000000000000e+00 0.000000000000000000e+00 0.000000000000000000e+00 0.000000000000000000e+00
6.956780997054415883e-01 -3.513150459001131432e-01 -6.165937148561096981e-01 4.054483036374581517e-04 4.832576386245914478e-03 -4.912516518300003021e-01 8.688402492016212841e-01 0.000000000000000000e+00 0.000000000000000000e+00 0.000000000000000000e+00
-9.395682357587968603e-03 6.877884174811563778e-01 -4.159833511225093372e-01 5.787339658350425520e-01 -3.265597594878311615e-04 -4.966605403397879037e-01 -2.886316493810556216e-01 8.174562178102626753e-01 0.000000000000000000e+00 0.000000000000000000e+00
-7.054766879087693843e-01 3.540008614221881733e-01 -2.024389036195148039e-01 2.912343387711895382e-01 -4.990621351176617870e-01 4.943958719910699351e-01 -2.907375145660039406e-01 -4.070949348452688188e-01 7.084727854442900430e-01 0.000000000000000000e+00
6.996358645032992873e-01 -6.977955952751867530e-01 -4.025602271497422113e-01 -2.908838902733888454e-01 -4.977360950702187647e-01 4.966064023559637608e-01 2.878535142904945499e-01 -2.017534930940696192e-01 3.539870421252811483e-01 7.080817478300344137e-01
