1.534281659174732138e+00 0.000000000000000000e+00 0.000000000000000000e+00 0.000000000000000000e+00 0.000000000000000000e+00 0.000000000000000000e+00 0.000000000000000000e+00 0.000000000000000000e+00 0.000000000000000000e+00 0.000000000000000000e+00 0.000000000000000000e+00 0.000000000000000000e+00 0.000000000000000000e+00 0.000000000000000000e+00 0.000000000000000000e+00
-4.580253021731813812e-01 1.421536790077255752e+00 0.000000000000000000e+00 0.000000000000000000e+00 0.000000000000000000e+00 0.000000000000000000e+00 0.000000000000000000e+00 0.000000000000000000e+00 0.000000000000000000e+00 0.000000000000000000e+00 0.000000000000000000e+00 0.000000000000000000e+00 0.000000000000000000e+00 0.000000000000000000e+00 0.000000000000000000e+00
-6.541220332394614978e-01 4.739968923125528200e-01 1.180296663912304922e+00 0.000000000000000000e+00 0.000000000000000000e+00 0.000000000000000000e+00 0.000000000000000000e+00 0.000000000000000000e+00 0.000000000000000000e+00 0.000000000000000000e+00 0.000000000000000000e+00 0.000000000000000000e+00 0.000000000000000000e+00 0.000000000000000000e+00 0.000000000000000000e+00
7.546256709129269824e-01 -2.405821480356273023e-01 -3.178397272668944673e-01 1.257369694820213768e+00 0.000000000000000000e+00 0.000000000000000000e+00 0.000000000000000000e+00 0.000000000000000000e+00 0.000000000000000000e+00 0.000000000000000000e+00 0.000000000000000000e+00 0.000000000000000000e+00 0.000000000000000000e+00 0.000000000000000000e+00 0.000000000000000000e+00
4.828721589606977949e-01 3.446299773505782649e-01 1.711252657276766398e-01 5.185748877890429265e-01 1.219490678330996669e+00 0.000000000000000000e+00 0.000000000000000000e+00 0.000000000000000000e+00 0.000000000000000000e+00 0.000000000000000000e+00 0.000000000000000000e+00 0.000000000000000000e+00 0.000000000000000000e+00 0.000000000000000000e+00 0.000000000000000000e+00
7.274687718382544244e-01 2.254589469191631834e-01 3.339319783075248016e-01 -4.834928898017035181e-01 -3.113075844418085047e-01 1.124643897497010991e+00 0.000000000000000000e+00 0.000000000000000000e+00 0.000000000000000000e+00 0.000000000000000000e+00 0.000000000000000000e+00 0.000000000000000000e+00 0.000000000000000000e+00 0.000000000000000000e+00 0.000000000000000000e+00
-2.937823243579423260e-01 6.841525862485776655e-01 4.171930644201194416e-01 4.198965892362668817e-01 -4.996213692129091166e-01 -4.523898499809115292e-01 9.769009669842368959e-01 0.000000000000000000e+00 0.000000000000000000e+00 0.000000000000000000e+00 0.000000000000000000e+00 0.000000000000000000e+00 0.000000000000000000e+00 0.000000000000000000e+00 0.000000000000000000e+00
7.436615674586016800e-01 4.531360764281944231e-01 2.743136048229609658e-01 5.020593927574295012e-01 9.272908795552572969e-02 5.431130957306943285e-01 3.156214550157162568e-01 1.023475425716626530e+00 0.000000000000000000e+00 0.000000000000000000e+00 0.000000000000000000e+00 0.000000000000000000e+00 0.000000000000000000e+00 0.000000000000000000e+00 0.000000000000000000e+00
2.686129956140843045e-01 -5.778745018587188031e-01 -5.525364572099165095e-01 -1.158120798497345866e-01 -5.981964530702186256e-01 -4.760839585576953636e-02 -4.769784874181422496e-01 -3.520051808749338762e-01 1.070095581080213742e+00 0.000000000000000000e+00 0.000000000000000000e+00 0.000000000000000000e+00 0.000000000000000000e+00 0.000000000000000000e+00 0.000000000000000000e+00
5.405920535496192558e-01 9.087313895775629702e-02 2.352413204881732833e-01 4.311672323815488039e-01 3.713615187785413996e-01 -2.079794368748032196e-01 -4.747993509174190940e-01 3.132138562826511374e-01 5.299052281248609608e-01 9.638153657081089953e-01 0.000000000000000000e+00 0.000000000000000000e+00 0.000000000000000000e+00 0.000000000000000000e+00 0.000000000000000000e+00
4.967641875531339513e-01 -4.586640491850496604e-01 5.202641442879772926e-01 4.265557324030837538e-01 4.565005285071951358e-01 -2.119753390083753686e-01 9.077223182706031443e-03 -4.148542218639812984e-01 -4.669630874984774804e-01 3.729077783448710992e-01 8.184596010209856942e-01 0.000000000000000000e+00 0.000000000000000000e+00 0.000000000000000000e+00 0.000000000000000000e+00
5.393432059240638177e-01 -5.736400813502058327e-01 5.584859786947330429e-01 -5.193577488851056634e-01 -4.412691082678490972e-01 2.377030967924219362e-01 1.840338003042995413e-02 -3.185557626260654973e-01 -4.648382847522256611e-01 8.796475786541685382e-02 -2.701021951947871202e-01 7.802462540986813133e-01 0.000000000000000000e+00 0.000000000000000000e+00 0.000000000000000000e+00
-7.935021521487638230e-02 6.669198316891153944e-01 5.513720112245872329e-01 2.853150087685143999e-01 -3.869906785563030360e-01 -3.090949421747326564e-01 -1.553498675293783771e-01 -3.433578574106276871e-01 2.249281181573311583e-01 -3.699655777669432766e-01 1.943519327213807657e-01 3.303826716814631248e-01 6.822334957380185028e-01 0.000000000000000000e+00 0.000000000000000000e+00
7.610481225604019961e-01 -4.860306653015665501e-02 4.902713969833509822e-01 4.544050119716715463e-01 -1.981735144249150149e-01 5.052002719062266278e-01 2.544701437055352788e-01 -1.081117550584737436e-01 2.166772372539375602e-01 3.127254850803941610e-01 2.948017142400276569e-01 -2.693803330018966768e-01 -3.181605109882260640e-01 7.111553278145894552e-01 0.000000000000000000e+00
-7.172048908223567221e-01 5.190526254923664151e-01 1.871989441399130039e-01 3.434273140149390335e-01 -5.689312412808970043e-01 -4.193931116138033266e-01 -4.239034290023811075e-02 -1.604243014410226265e-01 3.786598221960894017e-01 2.837298570038407908e-01 -1.284097902799683638e-02 -2.590679950855020452e-01 1.683481490334511887e-01 -3.524935637733794813e-01 7.050473695761889648e-01
