1.627098720289796630e+00 0.000000000000000000e+00 0.000000000000000000e+00 0.000000000000000000e+00 0.000000000000000000e+00 0.000000000000000000e+00 0.000000000000000000e+00 0.000000000000000000e+00 0.000000000000000000e+00 0.000000000000000000e+00 0.000000000000000000e+00 0.000000000000000000e+00 0.000000000000000000e+00 0.000000000000000000e+00 0.000000000000000000e+00 0.000000000000000000e+00
-7.878020246404295879e-01 1.451128008642533107e+00 0.000000000000000000e+00 0.000000000000000000e+00 0.000000000000000000e+00 0.000000000000000000e+00 0.000000000000000000e+00 0.000000000000000000e+00 0.000000000000000000e+00 0.000000000000000000e+00 0.000000000000000000e+00 0.000000000000000000e+00 0.000000000000000000e+00 0.000000000000000000e+00 0.000000000000000000e+00 0.000000000000000000e+00
7.867351875337093015e-01 1.476997413104638723e-02 1.452807780059263587e+00 0.000000000000000000e+00 0.000000000000000000e+00 0.000000000000000000e+00 0.000000000000000000e+00 0.000000000000000000e+00 0.000000000000000000e+00 0.000000000000000000e+00 0.000000000000000000e+00 0.000000000000000000e+00 0.000000000000000000e+00 0.000000000000000000e+00 0.000000000000000000e+00 0.000000000000000000e+00
8.023309074719021661e-01 -4.982439931133797462e-01 4.938314009396408966e-01 1.292352376353524290e+00 0.000000000000000000e+00 0.000000000000000000e+00 0.000000000000000000e+00 0.000000000000000000e+00 0.000000000000000000e+00 0.000000000000000000e+00 0.000000000000000000e+00 0.000000000000000000e+00 0.000000000000000000e+00 0.000000000000000000e+00 0.000000000000000000e+00 0.000000000000000000e+00
7.964325957687602431e-01 5.117057233997074350e-01 4.759221553927687753e-01 -5.682314339649451318e-01 1.168645466181039039e+00 0.000000000000000000e+00 0.000000000000000000e+00 0.000000000000000000e+00 0.000000000000000000e+00 0.000000000000000000e+00 0.000000000000000000e+00 0.000000000000000000e+00 0.000000000000000000e+00 0.000000000000000000e+00 0.000000000000000000e+00 0.000000000000000000e+00
7.934276496898808873e-01 5.051429544751079304e-01 -4.861133427885959146e-01 -1.911505858109303901e-01 5.342455890410416908e-01 1.170855544915418101e+00 0.000000000000000000e+00 0.000000000000000000e+00 0.000000000000000000e+00 0.000000000000000000e+00 0.000000000000000000e+00 0.000000000000000000e+00 0.000000000000000000e+00 0.000000000000000000e+00 0.000000000000000000e+00 0.000000000000000000e+00
7.965597511575143175e-01 5.061004167907040552e-01 4.805006558835414054e-01 -5.523800795587127110e-01 -6.208326557499385667e-02 5.547969138562515168e-01 1.020120911532816477e+00 0.000000000000000000e+00 0.000000000000000000e+00 0.000000000000000000e+00 0.000000000000000000e+00 0.000000000000000000e+00 0.000000000000000000e+00 0.000000000000000000e+00 0.000000000000000000e+00 0.000000000000000000e+00
7.779744062418391115e-01 5.124450226909240680e-01 4.793476596213986363e-01 -5.508816856015130714e-01 -3.704103734892105759e-02 5.637150999530688988e-01 -3.681796452723495316e-01 9.648896057253490977e-01 0.000000000000000000e+00 0.000000000000000000e+00 0.000000000000000000e+00 0.000000000000000000e+00 0.000000000000000000e+00 0.000000000000000000e+00 0.000000000000000000e+00 0.000000000000000000e+00
-7.871620765546325504e-01 -4.958611746173943735e-01 -4.909454449136441689e-01 -5.533824404905579586e-01 -4.815261523148589018e-01 -4.951144892232009487e-01 -2.879949611830047718e-01 -4.304507267305052176e-01 7.997984602575679558e-01 0.000000000000000000e+00 0.000000000000000000e+00 0.000000000000000000e+00 0.000000000000000000e+00 0.000000000000000000e+00 0.000000000000000000e+00 0.000000000000000000e+00
-4.346615886475722612e-01 -7.082517528362080039e-01 7.160326936067288317e-01 -2.841124404091465161e-01 -4.556661761515641840e-01 -1.659395354075862139e-01 -4.483565146898841891e-01 9.546524317420940209e-02 -1.993350781683822237e-01 1.038575813245924850e+00 0.000000000000000000e+00 0.000000000000000000e+00 0.000000000000000000e+00 0.000000000000000000e+00 0.000000000000000000e+00 0.000000000000000000e+00
8.006263388803624981e-01 4.934979429452096555e-01 4.897544001401403224e-01 5.724502381395257800e-01 -1.436974671128607994e-01 1.623911924084457392e-01 -2.624383479926774565e-01 3.862060391840814177e-01 1.928311172480712821e-01 -3.488058975646555759e-01 9.668995348381914656e-01 0.000000000000000000e+00 0.000000000000000000e+00 0.000000000000000000e+00 0.000000000000000000e+00 0.000000000000000000e+00
8.125605510782976104e-01 4.754746808147566894e-01 5.013099334595807477e-01 5.465549917058148965e-01 -1.318275057561141828e-01 1.536187710241494198e-01 -2.544052702015718870e-01 3.879923421127091099e-01 2.058006955811493011e-01 -3.386593631274391059e-01 -4.806278765708035805e-01 8.386418742280999927e-01 0.000000000000000000e+00 0.000000000000000000e+00 0.000000000000000000e+00 0.000000000000000000e+00
3.656305101737813423e-01 -7.210155139971571314e-01 -2.547361543539241047e-01 6.424820169370245582e-01 4.196125812754527562e-01 4.460904692816147765e-01 2.540806965175939069e-01 4.005898937743981869e-01 1.996556250141864608e-01 -3.464896184892222175e-01 2.380494155326195738e-01 4.149274628526494202e-01 8.378278646021209974e-01 0.000000000000000000e+00 0.000000000000000000e+00 0.000000000000000000e+00
-7.978580239366906968e-01 4.921897136032006292e-01 4.709327556304526707e-01 -3.371657412522393541e-03 -4.225441013733888806e-01 -4.360072776262909899e-01 4.380392532777576120e-01 -1.055516106083762007e-01 2.082604111770527955e-01 3.463997242146386046e-01 -2.489109314526322392e-01 4.143612832637622589e-01 4.152625876871471333e-01 7.286744960689176542e-01 0.000000000000000000e+00 0.000000000000000000e+00
3.735612955324975060e-01 -7.234917989912910130e-01 7.029510260515111630e-01 -2.851151214986927251e-01 -4.513986255324616836e-01 4.586743351786849443e-01 -7.967355922552725456e-02 -9.754057643816319012e-02 2.119139150947589589e-01 3.467948122858917626e-01 -2.507003012725668167e-01 4.157979826991829997e-01 4.096027597699985479e-01 -2.465221721124145060e-01 6.813644067759940803e-01 0.000000000000000000e+00
-7.899032244027548444e-01 4.634011123310389224e-01 5.145707159990371427e-01 -3.272413077811085215e-04 -4.005123510514057572e-01 -4.481019055718659660e-01 4.422755688795881879e-01 -1.111274546492673210e-01 1.912970740385586399e-01 -3.403854301868002308e-01 -4.667985736775026040e-01 4.390726082610541849e-03 -4.072223827025307497e-01 -2.444042626360161119e-01 -3.389783545761221317e-01 5.977662901136772122e-01
