1.699215719643941247e+00 0.000000000000000000e+00 0.000000000000000000e+00 0.000000000000000000e+00 0.000000000000000000e+00 0.000000000000000000e+00 0.000000000000000000e+00 0.000000000000000000e+00 0.000000000000000000e+00 0.000000000000000000e+00 0.000000000000000000e+00 0.000000000000000000e+00 0.000000000000000000e+00 0.000000000000000000e+00 0.000000000000000000e+00 0.000000000000000000e+00 0.000000000000000000e+00
-7.853869676719422710e-01 1.443038895636082675e+00 0.000000000000000000e+00 0.000000000000000000e+00 0.000000000000000000e+00 0.000000000000000000e+00 0.000000000000000000e+00 0.000000000000000000e+00 0.000000000000000000e+00 0.000000000000000000e+00 0.000000000000000000e+00 0.000000000000000000e+00 0.000000000000000000e+00 0.000000000000000000e+00 0.000000000000000000e+00 0.000000000000000000e+00 0.000000000000000000e+00
-2.506524019885383869e-01 4.282633613225337865e-01 1.571865346892917126e+00 0.000000000000000000e+00 0.000000000000000000e+00 0.000000000000000000e+00 0.000000000000000000e+00 0.000000000000000000e+00 0.000000000000000000e+00 0.000000000000000000e+00 0.000000000000000000e+00 0.000000000000000000e+00 0.000000000000000000e+00 0.000000000000000000e+00 0.000000000000000000e+00 0.000000000000000000e+00 0.000000000000000000e+00
5.243178016120971785e-01 -6.700873734375254465e-01 2.009587962105918169e-01 1.476950955138902621e+00 0.000000000000000000e+00 0.000000000000000000e+00 0.000000000000000000e+00 0.000000000000000000e+00 0.000000000000000000e+00 0.000000000000000000e+00 0.000000000000000000e+00 0.000000000000000000e+00 0.000000000000000000e+00 0.000000000000000000e+00 0.000000000000000000e+00 0.000000000000000000e+00 0.000000000000000000e+00
7.668370044916885675e-01 4.880833108868740666e-01 7.148999109195219859e-02 -6.487235054034028447e-01 1.308085163082843172e+00 0.000000000000000000e+00 0.000000000000000000e+00 0.000000000000000000e+00 0.000000000000000000e+00 0.000000000000000000e+00 0.000000000000000000e+00 0.000000000000000000e+00 0.000000000000000000e+00 0.000000000000000000e+00 0.000000000000000000e+00 0.000000000000000000e+00 0.000000000000000000e+00
7.006159562832070531e-01 9.347305934149546802e-02 6.913269324620375800e-01 -4.295771401047644433e-01 4.502125264558601292e-01 1.206818056407110262e+00 0.000000000000000000e+00 0.000000000000000000e+00 0.000000000000000000e+00 0.000000000000000000e+00 0.000000000000000000e+00 0.000000000000000000e+00 0.000000000000000000e+00 0.000000000000000000e+00 0.000000000000000000e+00 0.000000000000000000e+00 0.000000000000000000e+00
-4.359080894636763182e-02 -3.775901136776572686e-01 7.247637869722534099e-01 5.109424425270508996e-01 4.637809912366059883e-01 -3.548184406992923590e-01 1.164992525465877504e+00 0.000000000000000000e+00 0.000000000000000000e+00 0.000000000000000000e+00 0.000000000000000000e+00 0.000000000000000000e+00 0.000000000000000000e+00 0.000000000000000000e+00 0.000000000000000000e+00 0.000000000000000000e+00 0.000000000000000000e+00
8.078154266076514878e-01 4.260559530093636083e-01 -4.010765477474136920e-01 -4.657741599382213549e-01 2.696143026816494315e-01 -6.014896547619646983e-01 4.790490203791911705e-01 9.927502099193723506e-01 0.000000000000000000e+00 0.000000000000000000e+00 0.000000000000000000e+00 0.000000000000000000e+00 0.000000000000000000e+00 0.000000000000000000e+00 0.000000000000000000e+00 0.000000000000000000e+00 0.000000000000000000e+00
8.113717325285257909e-02 -3.977228245066537493e-01 -7.778945975051386741e-01 -1.957876144777116467e-01 -5.292800773514905188e-01 3.335296794230339645e-01 5.777219435234820510e-01 3.956856756214545134e-01 1.188183577610856467e+00 0.000000000000000000e+00 0.000000000000000000e+00 0.000000000000000000e+00 0.000000000000000000e+00 0.000000000000000000e+00 0.000000000000000000e+00 0.000000000000000000e+00 0.000000000000000000e+00
2.655981530812179803e-01 -6.699059660416460948e-01 6.527605594319842996e-01 -2.224349877291803002e-01 5.443278224230825302e-01 3.556775498353145215e-01 -1.061228915558784097e-01 -3.428612255401556896e-01 5.333688724860896624e-01 9.826014229979574965e-01 0.000000000000000000e+00 0.000000000000000000e+00 0.000000000000000000e+00 0.000000000000000000e+00 0.000000000000000000e+00 0.000000000000000000e+00 0.000000000000000000e+00
8.240146426772131383e-01 4.401615244131695248e-01 4.828068540079798465e-01 -6.400492906366981316e-01 1.123761392980681811e-01 -5.456227894157407166e-01 -2.915358690689370119e-02 1.454235410883295554e-01 4.068943379183233566e-01 -4.136805375433916243e-01 8.442836678710297083e-01 0.000000000000000000e+00 0.000000000000000000e+00 0.000000000000000000e+00 0.000000000000000000e+00 0.000000000000000000e+00 0.000000000000000000e+00
-7.731158828635641411e-01 -4.518537671871962758e-01 3.927560288621221862e-01 5.231981238127763056e-01 -2.607589539848211291e-01 5.341579306459741661e-01 -4.924107704478110636e-01 4.385167379211729610e-01 8.606665202581176288e-02 -2.723818205571135187e-01 4.045830517872145982e-01 7.425727775120835039e-01 0.000000000000000000e+00 0.000000000000000000e+00 0.000000000000000000e+00 0.000000000000000000e+00 0.000000000000000000e+00
-7.960941218066046599e-01 -4.311645471872006530e-01 -2.046751806994784317e-01 5.150383143200514269e-01 3.545768401091813904e-01 -4.226293965178458123e-01 5.745307664476201337e-01 -2.357031545291831121e-01 3.077411692528299603e-01 -8.240728971623006993e-02 2.485241988833885030e-01 2.723855231292114376e-01 7.752235550488693061e-01 0.000000000000000000e+00 0.000000000000000000e+00 0.000000000000000000e+00 0.000000000000000000e+00
-6.058435244651046991e-01 5.300836114490902196e-01 -6.111683333873402235e-01 -4.344389134797869145e-01 -1.235545020752987048e-02 4.738450788686442983e-01 -4.963106069950674049e-01 2.640064031049544901e-01 4.670405093236683070e-01 5.175225784323356920e-02 3.541293593832673392e-01 2.140741678146565463e-01 -3.609278605151509667e-01 6.751223582143355273e-01 0.000000000000000000e+00 0.000000000000000000e+00 0.000000000000000000e+00
-6.561075024203373296e-01 4.378567555257528165e-01 -2.191813055312429037e-01 6.383942725312188315e-01 -6.098029280275492070e-01 -2.101369282360399937e-01 -5.201568891085065482e-01 1.322859574892979451e-01 -5.467837018089936052e-01 8.611493384483330515e-02 4.151901687766678117e-01 -3.527056973586504829e-01 -2.360327026058015587e-01 -1.657894131959678774e-01 6.489656723352701384e-01 0.000000000000000000e+00 0.000000000000000000e+00
7.127639254231036281e-01 -1.129506148174437147e-01 -5.592240258108577278e-01 -1.333742518188785475e-01 -5.005172486480068406e-01 5.051792879929397628e-01 -2.192419954388886982e-01 -4.378278269326406624e-01 3.285158113506042588e-01 -2.411027877974792066e-01 -3.421462751483273501e-01 -8.959819174146983756e-02 -2.969994614997057414e-01 1.581513458772306757e-01 -2.725275408607751304e-01 6.736109078954586327e-01 0.000000000000000000e+00
3.298162357890030427e-01 1.748637441111139390e-01 -7.177466041116564721e-01 6.658750857700456161e-01 -5.223987340806787172e-01 5.004400973473656089e-01 2.028678126590813813e-01 -7.527509255261218002e-02 -4.648249647833100906e-01 1.909711820518549819e-01 2.565926812485778141e-01 1.538776811492295893e-01 -3.272562417857261541e-01 2.303360440222295968e-01 -1.747144401516204093e-01 2.907816377096041349e-01 5.745428872317071001e-01
