1.575665997442916355e+00 0.000000000000000000e+00 0.000000000000000000e+00 0.000000000000000000e+00 0.000000000000000000e+00 0.000000000000000000e+00 0.000000000000000000e+00 0.000000000000000000e+00 0.000000000000000000e+00 0.000000000000000000e+00 0.000000000000000000e+00 0.000000000000000000e+00 0.000000000000000000e+00 0.000000000000000000e+00 0.000000000000000000e+00 0.000000000000000000e+00
-7.726304354410755693e-01 1.430772857292224920e+00 0.000000000000000000e+00 0.000000000000000000e+00 0.000000000000000000e+00 0.000000000000000000e+00 0.000000000000000000e+00 0.000000000000000000e+00 0.000000000000000000e+00 0.000000000000000000e+00 0.000000000000000000e+00 0.000000000000000000e+00 0.000000000000000000e+00 0.000000000000000000e+00 0.000000000000000000e+00 0.000000000000000000e+00
-7.693378921019393690e-01 4.577511917395996055e-01 1.378583325878417476e+00 0.000000000000000000e+00 0.000000000000000000e+00 0.000000000000000000e+00 0.000000000000000000e+00 0.000000000000000000e+00 0.000000000000000000e+00 0.000000000000000000e+00 0.000000000000000000e+00 0.000000000000000000e+00 0.000000000000000000e+00 0.000000000000000000e+00 0.000000000000000000e+00 0.000000000000000000e+00
7.577251785731630163e-01 -4.557053452007685523e-01 1.794038032857211695e-01 1.380896314922383850e+00 0.000000000000000000e+00 0.000000000000000000e+00 0.000000000000000000e+00 0.000000000000000000e+00 0.000000000000000000e+00 0.000000000000000000e+00 0.000000000000000000e+00 0.000000000000000000e+00 0.000000000000000000e+00 0.000000000000000000e+00 0.000000000000000000e+00 0.000000000000000000e+00
-4.110037013421731222e-01 -7.066661997451920696e-01 -4.958890005942251378e-01 5.985921715313441416e-01 1.244701949727230694e+00 0.000000000000000000e+00 0.000000000000000000e+00 0.000000000000000000e+00 0.000000000000000000e+00 0.000000000000000000e+00 0.000000000000000000e+00 0.000000000000000000e+00 0.000000000000000000e+00 0.000000000000000000e+00 0.000000000000000000e+00 0.000000000000000000e+00
-7.650699145241349752e-01 4.724382010860608272e-01 3.375130674864090241e-01 -3.894655405463984810e-01 3.292379529992315312e-01 1.248113102642305128e+00 0.000000000000000000e+00 0.000000000000000000e+00 0.000000000000000000e+00 0.000000000000000000e+00 0.000000000000000000e+00 0.000000000000000000e+00 0.000000000000000000e+00 0.000000000000000000e+00 0.000000000000000000e+00 0.000000000000000000e+00
-7.759391671583699690e-01 -4.993074324715672807e-01 -3.366371840891679845e-01 -6.724685190983561434e-01 1.803266785728729893e-01 -5.418318489975847418e-01 1.022010935160238443e+00 0.000000000000000000e+00 0.000000000000000000e+00 0.000000000000000000e+00 0.000000000000000000e+00 0.000000000000000000e+00 0.000000000000000000e+00 0.000000000000000000e+00 0.000000000000000000e+00 0.000000000000000000e+00
-4.166700461214213336e-01 -6.849453407500688540e-01 -5.250102951014740116e-01 6.088945837371981806e-01 -5.129487941017226715e-01 4.604849792586317991e-01 -1.814617172477460960e-01 1.025997397227114361e+00 0.000000000000000000e+00 0.000000000000000000e+00 0.000000000000000000e+00 0.000000000000000000e+00 0.000000000000000000e+00 0.000000000000000000e+00 0.000000000000000000e+00 0.000000000000000000e+00
-3.786722306268766602e-01 7.000104327714279373e-01 -5.230348633437559465e-03 5.477291396303979321e-01 6.128978412321587355e-01 -9.515764154869918445e-03 -4.835345969123864274e-01 -4.356258482093097184e-01 1.032184867155425234e+00 0.000000000000000000e+00 0.000000000000000000e+00 0.000000000000000000e+00 0.000000000000000000e+00 0.000000000000000000e+00 0.000000000000000000e+00 0.000000000000000000e+00
7.823499956657357091e-01 4.791185622960627000e-01 -6.818351617914950591e-01 -2.681697074103190359e-01 4.185779445781117047e-01 3.929412245341100118e-01 -2.861914724524524528e-02 -1.926653199723094845e-01 -2.022694796162244624e-01 9.873837322153883322e-01 0.000000000000000000e+00 0.000000000000000000e+00 0.000000000000000000e+00 0.000000000000000000e+00 0.000000000000000000e+00 0.000000000000000000e+00
4.303862474827347961e-01 6.716953081130330183e-01 5.091205503631909268e-01 -5.876004303137589702e-01 -7.909809748404116048e-02 -3.207717347238367989e-01 -3.626626437779868484e-01 -6.430683376978066357e-02 4.948020859129836357e-01 4.555702877501394688e-01 9.234797849934244240e-01 0.000000000000000000e+00 0.000000000000000000e+00 0.000000000000000000e+00 0.000000000000000000e+00 0.000000000000000000e+00
-3.686360410910767271e-01 6.674463588361765343e-01 5.248249792622238230e-01 -6.096293999426256605e-01 -3.647274529297415691e-01 -2.295716765993166819e-01 4.430418078041216123e-01 -4.603382501323575737e-01 -1.658005256273706318e-01 3.635604701851312126e-01 4.418691496857988232e-01 7.767078301136440821e-01 0.000000000000000000e+00 0.000000000000000000e+00 0.000000000000000000e+00 0.000000000000000000e+00
-7.616255505299649453e-01 -2.362750007376823724e-02 5.098375494523407214e-01 -5.666883505266269161e-01 1.981691868307183524e-01 -3.969018201280371527e-01 -4.503318714035599579e-01 4.503426032642514620e-01 4.940679662895414714e-01 -2.781828566082342746e-01 1.061183211225151107e-01 3.359748286990269506e-01 6.981581846443877248e-01 0.000000000000000000e+00 0.000000000000000000e+00 0.000000000000000000e+00
-4.040637042205946217e-01 -6.986042211699814430e-01 -5.254303589455929790e-01 -4.630881391495616506e-01 -5.984725834582765858e-01 1.534343548401108093e-01 -2.828908071539582014e-01 3.130860051472846850e-01 -4.585370551164656416e-01 -3.610406196782185995e-01 -4.462618331257667270e-01 -4.453752117071836658e-02 -3.482849682299167804e-01 6.829474297140125660e-01 0.000000000000000000e+00 0.000000000000000000e+00
-7.696278559736544622e-01 4.617218970534939237e-01 -1.932356013910875581e-01 -3.167227628452612409e-01 -5.063493692572800242e-01 4.579551407273182995e-01 -4.138873406089366713e-01 2.844629827495916419e-01 3.811569718667611739e-01 4.244510869009718301e-01 2.161227162257351175e-01 -7.799958929524698770e-02 -2.837469141405113970e-01 3.331253789782619990e-01 6.873178397663745054e-01 0.000000000000000000e+00
7.586818798711791878e-01 4.874709097976226424e-01 -6.669028922659109293e-01 2.620129555096326057e-01 -4.292469573042029252e-01 -3.842602976784734170e-01 3.272897365885888560e-02 1.720428047569955987e-01 -4.803180700183567464e-01 3.371164883077332752e-01 -2.523022574743963853e-01 3.354556942289044219e-01 -1.268198682261061916e-01 4.185673640793588328e-03 -3.416101070854283828e-01 5.970664681044357547e-01
