1.608066298257975202e+00 0.000000000000000000e+00 0.000000000000000000e+00 0.000000000000000000e+00 0.000000000000000000e+00 0.000000000000000000e+00 0.000000000000000000e+00 0.000000000000000000e+00 0.000000000000000000e+00 0.000000000000000000e+00 0.000000000000000000e+00 0.000000000000000000e+00
-5.466316590606015158e-01 1.394112490252418013e+00 0.000000000000000000e+00 0.000000000000000000e+00 0.000000000000000000e+00 0.000000000000000000e+00 0.000000000000000000e+00 0.000000000000000000e+00 0.000000000000000000e+00 0.000000000000000000e+00 0.000000000000000000e+00 0.000000000000000000e+00
5.441675446349286682e-01 -6.764527160103304126e-01 1.231855010320579646e+00 0.000000000000000000e+00 0.000000000000000000e+00 0.000000000000000000e+00 0.000000000000000000e+00 0.000000000000000000e+00 0.000000000000000000e+00 0.000000000000000000e+00 0.000000000000000000e+00 0.000000000000000000e+00
-6.360753085817515418e-01 4.703774135196963635e-01 5.551437592238105401e-01 1.048068762896335437e+00 0.000000000000000000e+00 0.000000000000000000e+00 0.000000000000000000e+00 0.000000000000000000e+00 0.000000000000000000e+00 0.000000000000000000e+00 0.000000000000000000e+00 0.000000000000000000e+00
-6.396470680602502901e-01 4.768992882180929094e-01 -2.718198665948933224e-01 5.071422218329818543e-01 1.037765689056276530e+00 0.000000000000000000e+00 0.000000000000000000e+00 0.000000000000000000e+00 0.000000000000000000e+00 0.000000000000000000e+00 0.000000000000000000e+00 0.000000000000000000e+00
-6.221103541594943387e-01 4.542835597734457553e-01 -2.764739817540122768e-01 -4.478854544201718024e-01 -4.552487568334948609e-01 9.534879020695115059e-01 0.000000000000000000e+00 0.000000000000000000e+00 0.000000000000000000e+00 0.000000000000000000e+00 0.000000000000000000e+00 0.000000000000000000e+00
-4.094641713437847420e-03 6.932060805280663152e-01 4.115415169341267165e-01 4.294823920606730128e-01 -4.366817264156955258e-01 -2.364093948088880626e-01 9.626182571928735277e-01 0.000000000000000000e+00 0.000000000000000000e+00 0.000000000000000000e+00 0.000000000000000000e+00 0.000000000000000000e+00
5.304544150812346981e-01 6.775257297302081927e-01 -4.168323564157707661e-01 2.083625739146199585e-01 -2.195965516160084396e-01 -1.071072465430393528e-01 4.732754488569084206e-01 1.002098606829102456e+00 0.000000000000000000e+00 0.000000000000000000e+00 0.000000000000000000e+00 0.000000000000000000e+00
-6.832035787467940872e-03 6.837806903849775741e-01 -4.024187835532282431e-01 -1.022521771174443317e-01 -3.789684958078716748e-01 3.504394626822872061e-01 -3.803119239328948131e-01 -4.901266896206769585e-01 8.081622249673376945e-01 0.000000000000000000e+00 0.000000000000000000e+00 0.000000000000000000e+00
6.249531896069749903e-01 -4.473480097456160598e-01 2.701886463751235201e-01 4.503723687401058884e-01 4.592696333317079493e-01 7.746841074798486992e-02 2.541221102976685131e-01 -5.175058216299038318e-03 -3.374350395880973408e-01 8.503211951228651921e-01 0.000000000000000000e+00 0.000000000000000000e+00
6.263301677114883059e-01 -4.381256087200378624e-01 2.738476667100295803e-01 4.346583076424163639e-01 4.481437125123494680e-01 7.995391245725537444e-02 2.589492493260637240e-01 4.043673274593830545e-03 -3.362173525409105634e-01 -3.067208494256193352e-01 7.975517582785872639e-01 0.000000000000000000e+00
1.045035269861705786e-02 -6.701961752586018672e-01 4.156189040248111644e-01 1.117159609224015610e-01 3.880618978893542459e-01 -3.661355693079305640e-01 3.897471330615175367e-01 -4.982534231986212592e-01 -1.949057311437360218e-01 2.427190422546821047e-01 3.555049722945475277e-01 6.604339411816677607e-01
