1.401743167787080857e+00 0.000000000000000000e+00 0.000000000000000000e+00 0.000000000000000000e+00 0.000000000000000000e+00 0.000000000000000000e+00 0.000000000000000000e+00 0.000000000000000000e+00 0.000000000000000000e+00 0.000000000000000000e+00 0.000000000000000000e+00 0.000000000000000000e+00
-6.975900473230908228e-01 1.237003361670637958e+00 0.000000000000000000e+00 0.000000000000000000e+00 0.000000000000000000e+00 0.000000000000000000e+00 0.000000000000000000e+00 0.000000000000000000e+00 0.000000000000000000e+00 0.000000000000000000e+00 0.000000000000000000e+00 0.000000000000000000e+00
6.908219123516723403e-01 -4.110464410616411213e-01 1.158279633261018127e+00 0.000000000000000000e+00 0.000000000000000000e+00 0.000000000000000000e+00 0.000000000000000000e+00 0.000000000000000000e+00 0.000000000000000000e+00 0.000000000000000000e+00 0.000000000000000000e+00 0.000000000000000000e+00
-6.919853754109617228e-01 -4.204141031808147355e-01 -5.752896344631820424e-01 1.004067286218659039e+00 0.000000000000000000e+00 0.000000000000000000e+00 0.000000000000000000e+00 0.000000000000000000e+00 0.000000000000000000e+00 0.000000000000000000e+00 0.000000000000000000e+00 0.000000000000000000e+00
6.986595577221693665e-01 -4.168914316344258242e-01 2.830849964580849920e-01 -4.999621064384001667e-01 9.975726722653207590e-01 0.000000000000000000e+00 0.000000000000000000e+00 0.000000000000000000e+00 0.000000000000000000e+00 0.000000000000000000e+00 0.000000000000000000e+00 0.000000000000000000e+00
6.978480559597105559e-01 4.117915733085873442e-01 -2.933736162765732125e-01 -4.966364124101891320e-01 4.978070987571544537e-01 8.711932067856497097e-01 0.000000000000000000e+00 0.000000000000000000e+00 0.000000000000000000e+00 0.000000000000000000e+00 0.000000000000000000e+00 0.000000000000000000e+00
-6.914506834361549004e-01 3.782005684826299508e-01 -2.691481626675865657e-01 -4.351349766785100881e-01 4.919614144347705387e-01 -3.189654595282034877e-01 1.153458046916321145e+00 0.000000000000000000e+00 0.000000000000000000e+00 0.000000000000000000e+00 0.000000000000000000e+00 0.000000000000000000e+00
-6.899019503852670265e-01 4.435915973943869162e-01 -2.902521379012608649e-01 -4.820060763509063095e-01 -4.642254126697414884e-01 3.021403122847805545e-01 5.758373640210926458e-01 9.996312799450407516e-01 0.000000000000000000e+00 0.000000000000000000e+00 0.000000000000000000e+00 0.000000000000000000e+00
6.738282865305731395e-01 -3.925721063731093530e-01 3.312909288973080457e-01 4.989206111552261236e-01 4.962680942657091143e-01 -2.746528948114716484e-01 2.903410442136912795e-01 -4.974866174520982676e-01 1.000162870132845327e+00 0.000000000000000000e+00 0.000000000000000000e+00 0.000000000000000000e+00
-6.894136653250640956e-01 -5.000292373641774812e-01 -5.768323885081415581e-01 6.042168686548569229e-02 -4.410842041813037850e-01 -3.179208066761961549e-01 2.866919242136717894e-01 4.987557257825119827e-01 -4.979621155387177200e-01 8.627733951693759007e-01 0.000000000000000000e+00 0.000000000000000000e+00
-6.630858193012588719e-01 -5.343239318185322162e-01 -5.572490147532622728e-01 1.435782460690966933e-01 4.744258397709709141e-01 2.765710149561780851e-01 5.721386301844291200e-01 1.706317055160346072e-03 -4.952090143765107144e-01 2.860189054141365483e-01 8.128195836050845502e-01 0.000000000000000000e+00
-6.191164184493392897e-01 3.878388441404898579e-01 -3.160682295096642336e-01 -4.595797760052439673e-01 4.635266838992708194e-01 -2.929475324870556285e-01 2.840588746992522284e-01 4.997836399690268050e-01 -4.970220031738613597e-01 -2.895367841814620591e-01 4.046768878161913219e-01 7.055408099574767000e-01
