1.582410423122972754e+00 0.000000000000000000e+00 0.000000000000000000e+00 0.000000000000000000e+00 0.000000000000000000e+00 0.000000000000000000e+00 0.000000000000000000e+00 0.000000000000000000e+00 0.000000000000000000e+00 0.000000000000000000e+00 0.000000000000000000e+00 0.000000000000000000e+00 0.000000000000000000e+00 0.000000000000000000e+00 0.000000000000000000e+00 0.000000000000000000e+00 0.000000000000000000e+00 0.000000000000000000e+00 0.000000000000000000e+00 0.000000000000000000e+00 0.000000000000000000e+00 0.000000000000000000e+00
-7.669409076715639761e-01 1.385146072996800370e+00 0.000000000000000000e+00 0.000000000000000000e+00 0.000000000000000000e+00 0.000000000000000000e+00 0.000000000000000000e+00 0.000000000000000000e+00 0.000000000000000000e+00 0.000000000000000000e+00 0.000000000000000000e+00 0.000000000000000000e+00 0.000000000000000000e+00 0.000000000000000000e+00 0.000000000000000000e+00 0.000000000000000000e+00 0.000000000000000000e+00 0.000000000000000000e+00 0.000000000000000000e+00 0.000000000000000000e+00 0.000000000000000000e+00 0.000000000000000000e+00
-7.590998657178152920e-01 -4.114138247895377520e-01 1.391104523963734518e+00 0.000000000000000000e+00 0.000000000000000000e+00 0.000000000000000000e+00 0.000000000000000000e+00 0.000000000000000000e+00 0.000000000000000000e+00 0.000000000000000000e+00 0.000000000000000000e+00 0.000000000000000000e+00 0.000000000000000000e+00 0.000000000000000000e+00 0.000000000000000000e+00 0.000000000000000000e+00 0.000000000000000000e+00 0.000000000000000000e+00 0.000000000000000000e+00 0.000000000000000000e+00 0.000000000000000000e+00 0.000000000000000000e+00
4.476287105952918566e-01 -4.509165976690051036e-01 -6.002911176955663120e-01 1.291650971134208570e+00 0.000000000000000000e+00 0.000000000000000000e+00 0.000000000000000000e+00 0.000000000000000000e+00 0.000000000000000000e+00 0.000000000000000000e+00 0.000000000000000000e+00 0.000000000000000000e+00 0.000000000000000000e+00 0.000000000000000000e+00 0.000000000000000000e+00 0.000000000000000000e+00 0.000000000000000000e+00 0.000000000000000000e+00 0.000000000000000000e+00 0.000000000000000000e+00 0.000000000000000000e+00 0.000000000000000000e+00
3.393545962725545428e-01 -5.786856572283619604e-01 -6.200468058999240029e-01 1.667300240956288426e-01 1.318604887209144927e+00 0.000000000000000000e+00 0.000000000000000000e+00 0.000000000000000000e+00 0.000000000000000000e+00 0.000000000000000000e+00 0.000000000000000000e+00 0.000000000000000000e+00 0.000000000000000000e+00 0.000000000000000000e+00 0.000000000000000000e+00 0.000000000000000000e+00 0.000000000000000000e+00 0.000000000000000000e+00 0.000000000000000000e+00 0.000000000000000000e+00 0.000000000000000000e+00 0.000000000000000000e+00
6.726325427629703535e-01 -6.727612954622839148e-01 -4.857188425435355339e-01 1.441961772874152670e-01 -5.642267827129163749e-01 1.289106683446677781e+00 0.000000000000000000e+00 0.000000000000000000e+00 0.000000000000000000e+00 0.000000000000000000e+00 0.000000000000000000e+00 0.000000000000000000e+00 0.000000000000000000e+00 0.000000000000000000e+00 0.000000000000000000e+00 0.000000000000000000e+00 0.000000000000000000e+00 0.000000000000000000e+00 0.000000000000000000e+00 0.000000000000000000e+00 0.000000000000000000e+00 0.000000000000000000e+00
3.697134248249811517e-01 1.107237421902027182e-02 4.837548794891992077e-01 5.833669889027104372e-01 -2.291120937287400572e-01 -5.489246624856013446e-01 1.229439309447452500e+00 0.000000000000000000e+00 0.000000000000000000e+00 0.000000000000000000e+00 0.000000000000000000e+00 0.000000000000000000e+00 0.000000000000000000e+00 0.000000000000000000e+00 0.000000000000000000e+00 0.000000000000000000e+00 0.000000000000000000e+00 0.000000000000000000e+00 0.000000000000000000e+00 0.000000000000000000e+00 0.000000000000000000e+00 0.000000000000000000e+00
-4.376236783911062189e-01 6.670707627099612402e-01 -4.708766227480869482e-01 -4.968911359234081671e-01 -2.336706608775415417e-01 3.198292871907923440e-01 6.093638944574373273e-01 1.154352800170447946e+00 0.000000000000000000e+00 0.000000000000000000e+00 0.000000000000000000e+00 0.000000000000000000e+00 0.000000000000000000e+00 0.000000000000000000e+00 0.000000000000000000e+00 0.000000000000000000e+00 0.000000000000000000e+00 0.000000000000000000e+00 0.000000000000000000e+00 0.000000000000000000e+00 0.000000000000000000e+00 0.000000000000000000e+00
-4.445088795223244849e-01 -5.241701904399296286e-01 -6.601632016480444287e-01 5.694432771072556188e-01 -3.047422535574155766e-01 1.129743772129338519e-01 4.288952852198862908e-01 3.935041938622454438e-01 1.119846184583770166e+00 0.000000000000000000e+00 0.000000000000000000e+00 0.000000000000000000e+00 0.000000000000000000e+00 0.000000000000000000e+00 0.000000000000000000e+00 0.000000000000000000e+00 0.000000000000000000e+00 0.000000000000000000e+00 0.000000000000000000e+00 0.000000000000000000e+00 0.000000000000000000e+00 0.000000000000000000e+00
-7.491117392105123285e-01 -6.613222542908530066e-01 3.764439441195241431e-01 6.122556284286805317e-01 -1.319466641616257319e-01 -4.415988422123087037e-02 3.536944482867028228e-01 -4.503229778546065099e-01 -4.811196162012978395e-01 1.118232808211583107e+00 0.000000000000000000e+00 0.000000000000000000e+00 0.000000000000000000e+00 0.000000000000000000e+00 0.000000000000000000e+00 0.000000000000000000e+00 0.000000000000000000e+00 0.000000000000000000e+00 0.000000000000000000e+00 0.000000000000000000e+00 0.000000000000000000e+00 0.000000000000000000e+00
7.485824132918191820e-01 -5.374832908640206908e-01 -1.927659633223271773e-01 -2.459445393102313304e-01 -3.205111990580047365e-01 -5.036199289209196683e-01 3.630076612453292384e-01 5.726622573083811618e-01 -1.441342811557332626e-01 -4.323323794424773769e-01 1.108558026181561074e+00 0.000000000000000000e+00 0.000000000000000000e+00 0.000000000000000000e+00 0.000000000000000000e+00 0.000000000000000000e+00 0.000000000000000000e+00 0.000000000000000000e+00 0.000000000000000000e+00 0.000000000000000000e+00 0.000000000000000000e+00 0.000000000000000000e+00
5.882697846651560036e-01 -6.795556365498621743e-01 -4.471165881086656690e-01 -4.444876595594693391e-01 -6.326992520338768911e-01 -5.914167363782267817e-01 -3.033572437706750780e-01 2.968811317190964694e-01 -6.090980767227101300e-02 3.949635153200635185e-01 5.183115216662242952e-01 1.031153461717961184e+00 0.000000000000000000e+00 0.000000000000000000e+00 0.000000000000000000e+00 0.000000000000000000e+00 0.000000000000000000e+00 0.000000000000000000e+00 0.000000000000000000e+00 0.000000000000000000e+00 0.000000000000000000e+00 0.000000000000000000e+00
4.405526029903754082e-01 4.324461352056959695e-01 -1.638808802261727537e-01 -1.234211852518472957e-01 6.434783860132760047e-01 -2.073480562432196694e-01 -4.577421032106623322e-01 -4.151941357878535799e-01 -4.047602850897236149e-01 5.247181238321769747e-01 2.611147497881141644e-01 2.559574723448127531e-01 8.960332610423842326e-01 0.000000000000000000e+00 0.000000000000000000e+00 0.000000000000000000e+00 0.000000000000000000e+00 0.000000000000000000e+00 0.000000000000000000e+00 0.000000000000000000e+00 0.000000000000000000e+00 0.000000000000000000e+00
-4.860039687349126392e-01 -4.558169728695268264e-01 3.775271129024342920e-01 -1.485879846383962866e-01 -5.017897414573925241e-01 2.264385989286125944e-01 -3.781869401309249645e-01 5.540278709011328129e-01 -4.484345474198970782e-01 1.812521816759664339e-01 -8.952848475890430591e-02 -3.916406254923072705e-01 2.040426461585836404e-01 9.707537051989096888e-01 0.000000000000000000e+00 0.000000000000000000e+00 0.000000000000000000e+00 0.000000000000000000e+00 0.000000000000000000e+00 0.000000000000000000e+00 0.000000000000000000e+00 0.000000000000000000e+00
7.272345465401630626e-01 -2.559599811665543845e-01 -4.776416813615426242e-03 -3.174566506499511553e-01 -6.024621587234468834e-01 -2.724539453913339404e-01 3.460724806289779965e-01 -2.756845646446329234e-01 -4.265465855367933656e-01 2.842539909385031760e-01 -3.436053361649893390e-01 4.445488590827482711e-01 1.312076765126490296e-01 -4.060123599757456958e-01 8.057999604984195097e-01 0.000000000000000000e+00 0.000000000000000000e+00 0.000000000000000000e+00 0.000000000000000000e+00 0.000000000000000000e+00 0.000000000000000000e+00 0.000000000000000000e+00
-6.227626120145600686e-01 3.119040951026752495e-01 4.113032289764416150e-01 -3.403649021942472541e-01 -2.782569542759202874e-01 -2.624361756154918179e-01 -2.904705355128469613e-01 -4.727716141935944805e-01 -3.861423189037177517e-01 -5.451536343913619964e-01 -6.738685977294794904e-02 -3.706396269073556349e-01 3.209846633444424779e-01 -2.297738719159445053e-01 -2.163679580350007514e-01 8.336612185208227555e-01 0.000000000000000000e+00 0.000000000000000000e+00 0.000000000000000000e+00 0.000000000000000000e+00 0.000000000000000000e+00 0.000000000000000000e+00
7.025535159883776748e-01 1.963068048243976071e-01 -6.434203032163784419e-01 -4.560848327305330185e-01 -4.752838751576142773e-01 4.811908679679391398e-01 1.667138455904964289e-01 -3.459792733501433348e-01 3.457796747346492117e-01 5.093324332928291787e-01 4.288094586546224440e-01 1.433875241421790625e-02 -3.748917490211791659e-01 2.687115010989155617e-01 1.200978229007866327e-01 -3.218768973189609639e-01 8.162540873705750322e-01 0.000000000000000000e+00 0.000000000000000000e+00 0.000000000000000000e+00 0.000000000000000000e+00 0.000000000000000000e+00
-4.090691832505969489e-02 -6.411394410393003174e-01 5.617415140966838250e-01 4.023783688205704867e-01 -2.721053538173859865e-01 -1.570566494790636425e-01 5.213086133764462948e-01 -2.440247942711045170e-01 3.931674673781454521e-01 -3.711303249919795100e-01 9.761448288823680597e-02 5.136227485220098976e-02 -2.330067926924100918e-01 -3.963171945696793985e-01 3.916757734326771212e-01 -3.824636756823490691e-01 -3.527503440240233878e-01 7.594722885721152394e-01 0.000000000000000000e+00 0.000000000000000000e+00 0.000000000000000000e+00 0.000000000000000000e+00
-6.999104281166417252e-01 4.219938817094220918e-01 1.304741454424533098e-01 -3.949450274115702819e-01 -4.078998526451443341e-01 -2.128494633574206374e-01 -6.054333758107113272e-01 -2.706925015686603708e-01 3.411252494104211053e-01 -2.829627414512652095e-01 5.531552120413185669e-01 4.186692061220717020e-01 -2.091928707144315724e-01 -2.033011677330220091e-01 -3.956726980729237675e-01 1.605271552225293052e-01 -2.979446613213325157e-01 8.727408910023108646e-02 7.553196203829444233e-01 0.000000000000000000e+00 0.000000000000000000e+00 0.000000000000000000e+00
-2.844584141419979201e-02 -5.269440984229233349e-01 -4.222389283568253604e-01 3.867648529759366155e-03 5.306688265844241581e-01 5.531606676937489420e-01 -6.092694053799841969e-01 -4.731109690100932519e-01 -3.322493995538361444e-01 5.458676183206859212e-02 -3.571205606750218475e-01 3.906479336591024420e-01 -1.184984782202015002e-01 -3.604761986465513518e-02 -3.452180711650272849e-01 3.930702401663832002e-01 2.216929695724719207e-01 -3.373122397292970809e-01 -2.477851656949695558e-01 7.053856479794994305e-01 0.000000000000000000e+00 0.000000000000000000e+00
5.959963286782244962e-01 -4.821188477988375132e-01 2.025923115322432466e-01 -4.304744556853140058e-01 5.856306532422805855e-01 5.296927776461273218e-01 -3.972207314366069664e-01 4.413013517827471532e-01 -5.276113346482801392e-01 -2.909431142789196123e-01 -2.070880010771617152e-01 -4.157413768283918509e-01 2.213300335909025307e-01 -1.101521563587536529e-01 -2.923536654795357362e-02 -6.829783393992661100e-02 -2.962344032853888032e-01 2.899572904543941121e-01 -1.779908784127256782e-01 -3.213776318924521092e-01 6.570290527223974220e-01 0.000000000000000000e+00
-3.629633745479939333e-01 2.966506870566014697e-01 2.492759566862117193e-01 6.399211009115058912e-01 -6.041011777980783704e-01 -3.729768965028644190e-01 -3.679522318514620305e-01 -3.616021878081850938e-01 1.197860253160161204e-01 -2.117448393131873552e-01 4.238034264392789296e-01 5.362034217872455738e-02 4.092755622838303298e-01 4.165669766751135539e-01 -1.346681799606810892e-01 6.134765927735497809e-02 2.187048283439981256e-01 -1.897910582216476572e-01 3.360420094857758944e-01 5.537452101711910768e-02 3.116044226694990593e-01 5.798685132804689557e-01
