1.234444883221840872e+00 0.000000000000000000e+00 0.000000000000000000e+00 0.000000000000000000e+00 0.000000000000000000e+00 0.000000000000000000e+00 0.000000000000000000e+00 0.000000000000000000e+00 0.000000000000000000e+00 0.000000000000000000e+00 0.000000000000000000e+00
-6.165932127505284743e-01 1.366286985180431790e+00 0.000000000000000000e+00 0.000000000000000000e+00 0.000000000000000000e+00 0.000000000000000000e+00 0.000000000000000000e+00 0.000000000000000000e+00 0.000000000000000000e+00 0.000000000000000000e+00 0.000000000000000000e+00
-6.010604926640306100e-01 -6.419890193346488028e-01 1.217646385914492368e+00 0.000000000000000000e+00 0.000000000000000000e+00 0.000000000000000000e+00 0.000000000000000000e+00 0.000000000000000000e+00 0.000000000000000000e+00 0.000000000000000000e+00 0.000000000000000000e+00
-6.169838869931627556e-01 6.373539221561552726e-01 4.593065020189254222e-01 1.123390531575784612e+00 0.000000000000000000e+00 0.000000000000000000e+00 0.000000000000000000e+00 0.000000000000000000e+00 0.000000000000000000e+00 0.000000000000000000e+00 0.000000000000000000e+00
8.712820982167470210e-03 -5.342517760502255575e-01 3.086215124308533397e-01 -4.641173132377290900e-01 1.154776017029723434e+00 0.000000000000000000e+00 0.000000000000000000e+00 0.000000000000000000e+00 0.000000000000000000e+00 0.000000000000000000e+00 0.000000000000000000e+00
6.028584938966728979e-01 -6.255170057325700750e-01 -4.473547269507416324e-01 -2.291109008155639004e-01 -5.096295251888363076e-01 9.724810585747934999e-01 0.000000000000000000e+00 0.000000000000000000e+00 0.000000000000000000e+00 0.000000000000000000e+00 0.000000000000000000e+00
6.116462862827982683e-01 -6.387696946985210733e-01 -4.567384101229366444e-01 -2.303406002529515273e-01 3.637684586747654825e-01 4.010906840828135089e-01 9.602417788534248766e-01 0.000000000000000000e+00 0.000000000000000000e+00 0.000000000000000000e+00 0.000000000000000000e+00
-6.093872199418487456e-01 -6.334275883964234355e-01 3.755680477585511823e-01 -5.558993473560994714e-01 -4.483074773963500737e-01 2.814090215957856800e-01 -4.765459938561990016e-01 9.981980343139107426e-01 0.000000000000000000e+00 0.000000000000000000e+00 0.000000000000000000e+00
-6.162550653903446918e-01 -6.284934818626055630e-01 3.973956939726156490e-01 3.231020637490112368e-01 3.686489851053650346e-01 -1.014999769405328378e-01 -3.995518104910858459e-01 -4.979940807252510870e-01 8.161186568779470463e-01 0.000000000000000000e+00 0.000000000000000000e+00
6.124564711121071037e-01 -6.224554813031836220e-01 3.934573630092912944e-01 3.305986169797312524e-01 -5.168586451764350942e-01 4.610991405372884544e-01 -3.083282331838090862e-01 -3.146098863219473282e-03 4.001681324913080595e-01 6.953653113593281088e-01 0.000000000000000000e+00
6.131686653514215601e-01 -6.230552956785868624e-01 3.815283981665776869e-01 3.303802408740544871e-01 3.470053228895098041e-01 -1.189432045421321693e-01 -3.939011270738256854e-01 4.969665527716852216e-01 1.972566164786527798e-01 3.440863393097706169e-01 7.095644990674124797e-01
