1.540142383048049624e+00 0.000000000000000000e+00 0.000000000000000000e+00 0.000000000000000000e+00 0.000000000000000000e+00 0.000000000000000000e+00 0.000000000000000000e+00 0.000000000000000000e+00 0.000000000000000000e+00 0.000000000000000000e+00 0.000000000000000000e+00 0.000000000000000000e+00 0.000000000000000000e+00 0.000000000000000000e+00 0.000000000000000000e+00 0.000000000000000000e+00 0.000000000000000000e+00
6.483101252849732266e-01 1.392072123219546986e+00 0.000000000000000000e+00 0.000000000000000000e+00 0.000000000000000000e+00 0.000000000000000000e+00 0.000000000000000000e+00 0.000000000000000000e+00 0.000000000000000000e+00 0.000000000000000000e+00 0.000000000000000000e+00 0.000000000000000000e+00 0.000000000000000000e+00 0.000000000000000000e+00 0.000000000000000000e+00 0.000000000000000000e+00 0.000000000000000000e+00
4.596315998399540526e-01 5.744391626691884856e-01 1.310673681473139451e+00 0.000000000000000000e+00 0.000000000000000000e+00 0.000000000000000000e+00 0.000000000000000000e+00 0.000000000000000000e+00 0.000000000000000000e+00 0.000000000000000000e+00 0.000000000000000000e+00 0.000000000000000000e+00 0.000000000000000000e+00 0.000000000000000000e+00 0.000000000000000000e+00 0.000000000000000000e+00 0.000000000000000000e+00
-1.744210006470546248e-01 2.075423204237335228e-01 4.437852827454292770e-01 1.475381069656791277e+00 0.000000000000000000e+00 0.000000000000000000e+00 0.000000000000000000e+00 0.000000000000000000e+00 0.000000000000000000e+00 0.000000000000000000e+00 0.000000000000000000e+00 0.000000000000000000e+00 0.000000000000000000e+00 0.000000000000000000e+00 0.000000000000000000e+00 0.000000000000000000e+00 0.000000000000000000e+00
-9.834666989712033403e-03 6.821353748282681373e-01 -3.669349770700840868e-02 6.118005457268483882e-01 1.225529422470135188e+00 0.000000000000000000e+00 0.000000000000000000e+00 0.000000000000000000e+00 0.000000000000000000e+00 0.000000000000000000e+00 0.000000000000000000e+00 0.000000000000000000e+00 0.000000000000000000e+00 0.000000000000000000e+00 0.000000000000000000e+00 0.000000000000000000e+00 0.000000000000000000e+00
-5.568246128426675989e-01 1.998957169079379759e-01 6.269616683102633425e-01 3.695784754807593941e-01 -6.029842145379492591e-01 1.088363444554664161e+00 0.000000000000000000e+00 0.000000000000000000e+00 0.000000000000000000e+00 0.000000000000000000e+00 0.000000000000000000e+00 0.000000000000000000e+00 0.000000000000000000e+00 0.000000000000000000e+00 0.000000000000000000e+00 0.000000000000000000e+00 0.000000000000000000e+00
5.576766099126869713e-01 6.179790886061122812e-01 5.499895295139242135e-01 -3.908160330723273179e-01 5.770642773088391353e-01 3.914716030851406181e-01 1.165050304152487115e+00 0.000000000000000000e+00 0.000000000000000000e+00 0.000000000000000000e+00 0.000000000000000000e+00 0.000000000000000000e+00 0.000000000000000000e+00 0.000000000000000000e+00 0.000000000000000000e+00 0.000000000000000000e+00 0.000000000000000000e+00
2.079569570766629516e-01 -6.326401393290607134e-01 5.646560032490257619e-01 -2.585148976874580562e-01 -3.909495460105035236e-01 5.179900462983953041e-02 5.550094531318741087e-01 1.012541971438892130e+00 0.000000000000000000e+00 0.000000000000000000e+00 0.000000000000000000e+00 0.000000000000000000e+00 0.000000000000000000e+00 0.000000000000000000e+00 0.000000000000000000e+00 0.000000000000000000e+00 0.000000000000000000e+00
7.201737631003010121e-01 9.229569035162990542e-02 7.504876409672636695e-02 -6.307015595018093945e-01 -4.790553661946577724e-01 3.864750541932264194e-01 -5.671444577885939031e-01 2.157169815085525633e-01 1.021189174949655554e+00 0.000000000000000000e+00 0.000000000000000000e+00 0.000000000000000000e+00 0.000000000000000000e+00 0.000000000000000000e+00 0.000000000000000000e+00 0.000000000000000000e+00 0.000000000000000000e+00
3.294416447219300492e-01 6.778322005786933113e-01 2.073457615276556865e-01 -6.143704764097670523e-01 7.094314884588509562e-02 1.855613744753739081e-01 1.398655118573015055e-01 3.118986852089434825e-01 4.785814649522003861e-01 9.686724295769943982e-01 0.000000000000000000e+00 0.000000000000000000e+00 0.000000000000000000e+00 0.000000000000000000e+00 0.000000000000000000e+00 0.000000000000000000e+00 0.000000000000000000e+00
2.874443194816013736e-01 -5.807266844359715297e-01 -6.241886859569590884e-01 -4.711546842529509282e-01 4.644451061572626993e-01 2.110944094314599340e-01 3.074553837969353220e-01 2.747383050959825157e-01 1.280130772612886048e-01 3.955309511189450400e-01 9.035044558592149055e-01 0.000000000000000000e+00 0.000000000000000000e+00 0.000000000000000000e+00 0.000000000000000000e+00 0.000000000000000000e+00 0.000000000000000000e+00
2.994006401930504047e-01 -6.843779204426355678e-01 -1.120255720595718513e-01 5.646249323493021111e-01 3.685749321566171854e-01 3.218027452512635112e-01 2.272956132962765038e-02 -4.013960981874638012e-01 -3.618967928731072758e-01 4.257580319178159156e-01 -4.036862196791959345e-01 7.537756962936694727e-01 0.000000000000000000e+00 0.000000000000000000e+00 0.000000000000000000e+00 0.000000000000000000e+00 0.000000000000000000e+00
-5.558782635438990205e-01 5.538713773071574087e-01 -9.830237245156958625e-02 -5.350207219198858111e-01 5.115543508339681633e-01 -4.861975850437931235e-01 -2.576910482934918756e-01 -4.907152201840002670e-01 -4.991436759379982990e-01 -3.804173869991971380e-01 2.707558015999533829e-01 -2.013157226317758564e-01 8.338830892200147504e-01 0.000000000000000000e+00 0.000000000000000000e+00 0.000000000000000000e+00 0.000000000000000000e+00
-6.492696757564970778e-01 -2.684202413341276183e-01 -9.373385050245942526e-03 -4.436069971880318707e-01 5.921881586820000321e-01 1.808242353382906731e-01 1.801969908677729382e-01 3.946791583731653619e-01 -4.266575862364669902e-01 4.995170126456646015e-02 1.037466605760340166e-01 2.930885882130224718e-01 -3.108839745135583144e-01 8.048956751685687472e-01 0.000000000000000000e+00 0.000000000000000000e+00 0.000000000000000000e+00
-7.421773204266014501e-01 -1.217973873071235558e-01 -8.821415013105757263e-02 -5.967803167958759536e-01 -2.910957518714171188e-01 7.509737208198910552e-02 -5.021913344321049522e-01 3.188533690916064978e-01 -4.850189099546657334e-01 -2.595600226766806573e-01 -2.316324612382457404e-01 -1.153188632722597223e-01 -1.938036947701732016e-01 3.828118398310602077e-01 7.666691456251968351e-01 0.000000000000000000e+00 0.000000000000000000e+00
1.370715464890108759e-01 -3.624558601297473426e-01 -4.077552914392955641e-01 -4.096423454467977288e-01 -4.388387119647424450e-01 -5.055409970509089357e-01 4.727418782963651450e-02 -3.787273775921970453e-01 4.909718865352873940e-01 3.828252536053472488e-01 4.490251228184001242e-01 3.513101859865452870e-01 2.430387509548346814e-01 2.375726167422823609e-01 2.541508205006871024e-01 7.397054806725242848e-01 0.000000000000000000e+00
-3.736824200397533269e-01 -3.833112296847793754e-01 -3.291328139728102453e-01 6.690311572648593996e-01 2.325420557241096031e-01 5.057995445207092988e-01 -4.571065706159019304e-01 2.313229204465396260e-01 9.317649927615893890e-02 2.449855303094238268e-01 -2.059049069871806137e-01 3.035886013562776875e-01 -1.338225939681285392e-01 -9.162750220061909034e-02 3.801227507139535167e-01 3.680607898324979033e-01 5.978001936297872021e-01
