1.518758789016018129e+00 0.000000000000000000e+00 0.000000000000000000e+00 0.000000000000000000e+00 0.000000000000000000e+00 0.000000000000000000e+00 0.000000000000000000e+00 0.000000000000000000e+00 0.000000000000000000e+00 0.000000000000000000e+00 0.000000000000000000e+00 0.000000000000000000e+00 0.000000000000000000e+00
6.624960660398362400e-01 1.263123470536293258e+00 0.000000000000000000e+00 0.000000000000000000e+00 0.000000000000000000e+00 0.000000000000000000e+00 0.000000000000000000e+00 0.000000000000000000e+00 0.000000000000000000e+00 0.000000000000000000e+00 0.000000000000000000e+00 0.000000000000000000e+00 0.000000000000000000e+00
5.840316413301519516e-01 -3.170624959464927728e-01 1.391134141283145054e+00 0.000000000000000000e+00 0.000000000000000000e+00 0.000000000000000000e+00 0.000000000000000000e+00 0.000000000000000000e+00 0.000000000000000000e+00 0.000000000000000000e+00 0.000000000000000000e+00 0.000000000000000000e+00 0.000000000000000000e+00
1.172238907142268693e-01 -1.817297909116657728e-01 2.958797429650145139e-01 1.424436554648139897e+00 0.000000000000000000e+00 0.000000000000000000e+00 0.000000000000000000e+00 0.000000000000000000e+00 0.000000000000000000e+00 0.000000000000000000e+00 0.000000000000000000e+00 0.000000000000000000e+00 0.000000000000000000e+00
-4.194648826300962918e-01 4.007209003485868171e-01 5.912626504850800879e-01 -6.376584938959488635e-01 1.151485704385598829e+00 0.000000000000000000e+00 0.000000000000000000e+00 0.000000000000000000e+00 0.000000000000000000e+00 0.000000000000000000e+00 0.000000000000000000e+00 0.000000000000000000e+00 0.000000000000000000e+00
7.233110389643878646e-01 4.464306638237103830e-01 6.554018003574392237e-01 -1.928721673064740239e-01 1.774907393478121487e-01 1.162224203888382768e+00 0.000000000000000000e+00 0.000000000000000000e+00 0.000000000000000000e+00 0.000000000000000000e+00 0.000000000000000000e+00 0.000000000000000000e+00 0.000000000000000000e+00
-4.839920469864299468e-01 -3.824643655978781087e-01 4.911193558274278836e-01 -6.861928663119728489e-01 5.515725392801245075e-01 -3.595547371138617110e-01 9.536811551324759773e-01 0.000000000000000000e+00 0.000000000000000000e+00 0.000000000000000000e+00 0.000000000000000000e+00 0.000000000000000000e+00 0.000000000000000000e+00
6.300933819939386060e-01 -2.748256307361855444e-01 2.008623510502680898e-01 5.293522269461340413e-01 4.848016527046359880e-01 4.563092439558367186e-01 2.802765944771402618e-01 8.359823036618554415e-01 0.000000000000000000e+00 0.000000000000000000e+00 0.000000000000000000e+00 0.000000000000000000e+00 0.000000000000000000e+00
6.443373743193627767e-01 -2.939635367400212362e-01 -4.193341617943419086e-01 -6.925595821774248595e-01 -2.927264235012868032e-01 -5.113962361555363101e-01 3.315295472447655212e-01 3.631520323079676649e-01 8.918077285512990837e-01 0.000000000000000000e+00 0.000000000000000000e+00 0.000000000000000000e+00 0.000000000000000000e+00
-6.413820638118368223e-01 -4.654817111181581701e-01 -5.509071403980561055e-01 2.163551368651697171e-01 2.144961617048327662e-01 4.758088189052849665e-02 -3.195826833245061227e-01 3.780421132718777555e-01 2.005821126043237368e-01 8.439591431198931737e-01 0.000000000000000000e+00 0.000000000000000000e+00 0.000000000000000000e+00
6.307083337314492999e-01 4.853840226693997839e-01 5.197371843148618220e-01 -3.521081830598654649e-01 -1.871092977345955033e-01 -1.122067359960142174e-01 3.150449740994338277e-01 -3.921964728712201143e-01 -2.356336380232687822e-01 3.374809820832792573e-01 7.548205146597086745e-01 0.000000000000000000e+00 0.000000000000000000e+00
4.971731174572165957e-01 3.786328175619408931e-01 -4.498807005287638883e-01 6.188231549413075738e-01 -5.375150464187445909e-01 -5.100992175375541615e-01 -2.141381657501383040e-01 2.346808065494480344e-01 2.387813328531868950e-01 1.850622122784353341e-01 -3.325615711894891469e-01 6.653558449126223406e-01 0.000000000000000000e+00
-6.975368380011709446e-01 -4.695381593822479105e-01 1.159849862947844729e-01 6.728830491289247151e-01 2.055379578828493148e-01 -3.142799234645758388e-01 -3.497815301913144714e-01 3.562714659107640153e-02 -2.205360706050919495e-01 2.224406581701629526e-01 -2.747468909425110906e-01 -1.107952066447368683e-01 6.522501600463473936e-01
