1.554756801144651979e+00 0.000000000000000000e+00 0.000000000000000000e+00 0.000000000000000000e+00 0.000000000000000000e+00 0.000000000000000000e+00 0.000000000000000000e+00 0.000000000000000000e+00 0.000000000000000000e+00 0.000000000000000000e+00 0.000000000000000000e+00 0.000000000000000000e+00 0.000000000000000000e+00 0.000000000000000000e+00 0.000000000000000000e+00 0.000000000000000000e+00 0.000000000000000000e+00 0.000000000000000000e+00 0.000000000000000000e+00 0.000000000000000000e+00
5.221657284637374330e-01 1.542947821025021371e+00 0.000000000000000000e+00 0.000000000000000000e+00 0.000000000000000000e+00 0.000000000000000000e+00 0.000000000000000000e+00 0.000000000000000000e+00 0.000000000000000000e+00 0.000000000000000000e+00 0.000000000000000000e+00 0.000000000000000000e+00 0.000000000000000000e+00 0.000000000000000000e+00 0.000000000000000000e+00 0.000000000000000000e+00 0.000000000000000000e+00 0.000000000000000000e+00 0.000000000000000000e+00 0.000000000000000000e+00
4.903449035590908278e-01 5.024094665201713772e-01 1.475273954360273976e+00 0.000000000000000000e+00 0.000000000000000000e+00 0.000000000000000000e+00 0.000000000000000000e+00 0.000000000000000000e+00 0.000000000000000000e+00 0.000000000000000000e+00 0.000000000000000000e+00 0.000000000000000000e+00 0.000000000000000000e+00 0.000000000000000000e+00 0.000000000000000000e+00 0.000000000000000000e+00 0.000000000000000000e+00 0.000000000000000000e+00 0.000000000000000000e+00 0.000000000000000000e+00
6.705635972185357563e-01 -4.983896387838568365e-01 6.982449535855204115e-01 1.209091132379944700e+00 0.000000000000000000e+00 0.000000000000000000e+00 0.000000000000000000e+00 0.000000000000000000e+00 0.000000000000000000e+00 0.000000000000000000e+00 0.000000000000000000e+00 0.000000000000000000e+00 0.000000000000000000e+00 0.000000000000000000e+00 0.000000000000000000e+00 0.000000000000000000e+00 0.000000000000000000e+00 0.000000000000000000e+00 0.000000000000000000e+00 0.000000000000000000e+00
5.063595271134608833e-01 -3.733740515948115457e-02 7.103712339602191728e-01 4.243553941773138827e-01 1.343809350622664711e+00 0.000000000000000000e+00 0.000000000000000000e+00 0.000000000000000000e+00 0.000000000000000000e+00 0.000000000000000000e+00 0.000000000000000000e+00 0.000000000000000000e+00 0.000000000000000000e+00 0.000000000000000000e+00 0.000000000000000000e+00 0.000000000000000000e+00 0.000000000000000000e+00 0.000000000000000000e+00 0.000000000000000000e+00 0.000000000000000000e+00
-3.672426684787894469e-01 -4.914502522374574189e-01 -6.874323902318698609e-01 5.151894736294471144e-01 -3.213599726795812739e-01 1.286266421366062840e+00 0.000000000000000000e+00 0.000000000000000000e+00 0.000000000000000000e+00 0.000000000000000000e+00 0.000000000000000000e+00 0.000000000000000000e+00 0.000000000000000000e+00 0.000000000000000000e+00 0.000000000000000000e+00 0.000000000000000000e+00 0.000000000000000000e+00 0.000000000000000000e+00 0.000000000000000000e+00 0.000000000000000000e+00
1.302389023337990892e-01 -4.189355379766931953e-01 1.067590339579644054e-01 -1.903760603271709706e-01 4.887640366034357586e-01 -6.090799568903548789e-01 1.329140953759244237e+00 0.000000000000000000e+00 0.000000000000000000e+00 0.000000000000000000e+00 0.000000000000000000e+00 0.000000000000000000e+00 0.000000000000000000e+00 0.000000000000000000e+00 0.000000000000000000e+00 0.000000000000000000e+00 0.000000000000000000e+00 0.000000000000000000e+00 0.000000000000000000e+00 0.000000000000000000e+00
-6.712515026402967599e-01 -5.740683195102508352e-01 1.325445490773715096e-01 -3.705593859475625473e-01 -3.641684301759345876e-01 -6.061241484248910960e-02 -5.740520141049202385e-01 1.068909610935240284e+00 0.000000000000000000e+00 0.000000000000000000e+00 0.000000000000000000e+00 0.000000000000000000e+00 0.000000000000000000e+00 0.000000000000000000e+00 0.000000000000000000e+00 0.000000000000000000e+00 0.000000000000000000e+00 0.000000000000000000e+00 0.000000000000000000e+00 0.000000000000000000e+00
-7.660597090963076061e-01 -1.204130873995359202e-01 1.871066732017456213e-01 -3.411541912885309169e-01 -5.803208274784129594e-01 -3.336059775294882845e-01 -4.034761422208844872e-02 -5.281202484108156181e-01 1.089709177718130473e+00 0.000000000000000000e+00 0.000000000000000000e+00 0.000000000000000000e+00 0.000000000000000000e+00 0.000000000000000000e+00 0.000000000000000000e+00 0.000000000000000000e+00 0.000000000000000000e+00 0.000000000000000000e+00 0.000000000000000000e+00 0.000000000000000000e+00
7.684585174507471139e-01 -6.487112332047481056e-01 3.866819159775937154e-01 2.977243911598628778e-01 -3.650641800357441458e-01 5.287429080840214679e-01 3.239253634313424834e-01 3.226403817153851716e-01 9.188879597747372230e-02 1.003896066992938207e+00 0.000000000000000000e+00 0.000000000000000000e+00 0.000000000000000000e+00 0.000000000000000000e+00 0.000000000000000000e+00 0.000000000000000000e+00 0.000000000000000000e+00 0.000000000000000000e+00 0.000000000000000000e+00 0.000000000000000000e+00
6.002738391737421075e-01 -4.609936333182780843e-01 -6.529263720207326704e-01 3.356090353254492231e-01 4.970057732738770301e-02 -8.718249083496801277e-02 -1.582083324883786987e-02 4.597875423028857655e-01 -5.270910731025059137e-01 -4.983196828485060292e-01 1.037553379057648550e+00 0.000000000000000000e+00 0.000000000000000000e+00 0.000000000000000000e+00 0.000000000000000000e+00 0.000000000000000000e+00 0.000000000000000000e+00 0.000000000000000000e+00 0.000000000000000000e+00 0.000000000000000000e+00
7.687833899784766167e-01 -4.710148765340128607e-01 5.921985771094697704e-01 -4.539343210899859926e-02 -6.593495159317863674e-01 2.621720757810753200e-01 -6.521026965191215607e-01 -3.216502482150616626e-01 -3.974686867929092676e-02 -2.699457052924034706e-01 4.664340322070205658e-01 8.561348451409253046e-01 0.000000000000000000e+00 0.000000000000000000e+00 0.000000000000000000e+00 0.000000000000000000e+00 0.000000000000000000e+00 0.000000000000000000e+00 0.000000000000000000e+00 0.000000000000000000e+00
-4.162658865860484336e-02 6.811500489656843182e-01 -5.954315030073243920e-01 -2.281378669423673733e-01 5.151501909614283337e-01 4.848699164160508723e-01 4.328911993652327928e-01 -4.023487033593409756e-01 -4.196237332929224073e-01 -4.656877325227781195e-01 1.943679406781428642e-01 2.217528133099622989e-01 9.469624910268238382e-01 0.000000000000000000e+00 0.000000000000000000e+00 0.000000000000000000e+00 0.000000000000000000e+00 0.000000000000000000e+00 0.000000000000000000e+00 0.000000000000000000e+00
6.818017888591801912e-01 -2.030954751400080027e-01 6.595708974732567009e-01 3.534319948784348520e-01 -2.998102991797104711e-01 -3.373708093432042365e-01 -6.336502164240583879e-01 8.889332666149522832e-02 -5.162158158128095087e-01 -2.272551580147072134e-02 3.254347649456770242e-01 -4.060437401742048036e-01 -3.424133953643762052e-01 8.065513107547057636e-01 0.000000000000000000e+00 0.000000000000000000e+00 0.000000000000000000e+00 0.000000000000000000e+00 0.000000000000000000e+00 0.000000000000000000e+00
-5.887004808095768205e-01 -7.654836431932404706e-01 -5.534518296211126120e-01 -5.512478535682768799e-01 2.404597976909862989e-01 -6.045512841703375440e-01 2.774730363878320505e-01 2.087037648315327454e-01 -4.427015432755846969e-01 -3.322420370224867803e-01 4.052012976714975956e-01 2.895065218411835284e-01 -2.526441504243032710e-01 -9.883124887892801025e-02 8.203515229507440942e-01 0.000000000000000000e+00 0.000000000000000000e+00 0.000000000000000000e+00 0.000000000000000000e+00 0.000000000000000000e+00
2.079466890965527559e-01 -5.962464013864532397e-01 5.612841421294086919e-01 -1.631588519623698719e-01 3.999485875696826565e-01 -3.311966029926781685e-01 4.212273020886040942e-01 -5.013818657572205462e-01 -5.438575820638573699e-01 -4.281853646402790647e-01 -1.331562132026834488e-01 -3.381012112050059693e-01 2.331263018248254382e-01 3.086675367323007957e-01 -1.625674256282361729e-01 7.474464304175520990e-01 0.000000000000000000e+00 0.000000000000000000e+00 0.000000000000000000e+00 0.000000000000000000e+00
7.239265887051012927e-01 2.862207171913775938e-01 5.250915120470226460e-01 -5.164997245736515641e-01 -1.190320537749699065e-01 3.232374774526201588e-01 2.603677495318736934e-01 4.005632092320122739e-01 -2.915001270703342362e-01 7.770985662738616462e-02 -3.970725454940751131e-01 -9.218478338638787239e-02 -3.503270831270164365e-01 -2.890015021770095394e-01 -1.353581700611462268e-01 2.562448418865382327e-01 7.190107822374500746e-01 0.000000000000000000e+00 0.000000000000000000e+00 0.000000000000000000e+00
7.133712226769063358e-01 5.703590168301223562e-01 3.521807235384853962e-01 1.994715541387419855e-01 5.078828412382754287e-01 5.527818722221029546e-01 4.847926878728420902e-02 -7.323514418145506133e-02 3.227525866565876811e-01 -5.807038585780833345e-02 4.047604043044263356e-01 -3.746840180623610683e-01 -3.009099776398999060e-01 3.077243813611391099e-01 1.549240100674790510e-01 -9.873185733283553270e-03 -7.009990958000826555e-02 7.204735443924086269e-01 0.000000000000000000e+00 0.000000000000000000e+00
-6.528103441245997063e-01 1.480996677244277859e-01 -3.367651090599933505e-01 -2.557220797761277642e-01 -5.855712526470293611e-01 3.385993687270694164e-01 5.620352179644740875e-01 4.054903439533021764e-02 -5.386708831800698372e-01 -3.306861070689436355e-01 3.510575274800752932e-01 -2.510755098486386339e-01 -4.412153006512848363e-01 1.256785617503689279e-01 3.359590626693203519e-01 -3.329349709078419650e-01 3.333059389115318738e-01 -2.618212641122353301e-01 6.629838736738007388e-01 0.000000000000000000e+00
7.050289670767809769e-01 6.286684800039424870e-01 2.981242246900057680e-01 -3.240323938555045302e-01 5.499550003073547799e-01 -2.087636289053575178e-01 -5.774219876988652134e-01 -1.546556296141710640e-01 -3.672859466129792944e-02 1.003193903924019664e-01 2.376715994760512651e-01 -2.894506783102135383e-01 -3.090306031018956734e-01 -1.575675644928863639e-01 -3.953761394862436718e-01 -3.379789052731076437e-01 1.823538281890503543e-01 3.408739067111977161e-01 -1.764923443967368333e-01 6.088646246435531761e-01
