1.565476110888803785e+00 0.000000000000000000e+00 0.000000000000000000e+00 0.000000000000000000e+00 0.000000000000000000e+00 0.000000000000000000e+00 0.000000000000000000e+00 0.000000000000000000e+00 0.000000000000000000e+00 0.000000000000000000e+00 0.000000000000000000e+00 0.000000000000000000e+00 0.000000000000000000e+00 0.000000000000000000e+00 0.000000000000000000e+00 0.000000000000000000e+00 0.000000000000000000e+00 0.000000000000000000e+00 0.000000000000000000e+00 0.000000000000000000e+00 0.000000000000000000e+00
6.805161311465897089e-01 1.574808269793333215e+00 0.000000000000000000e+00 0.000000000000000000e+00 0.000000000000000000e+00 0.000000000000000000e+00 0.000000000000000000e+00 0.000000000000000000e+00 0.000000000000000000e+00 0.000000000000000000e+00 0.000000000000000000e+00 0.000000000000000000e+00 0.000000000000000000e+00 0.000000000000000000e+00 0.000000000000000000e+00 0.000000000000000000e+00 0.000000000000000000e+00 0.000000000000000000e+00 0.000000000000000000e+00 0.000000000000000000e+00 0.000000000000000000e+00
-5.599927484016784529e-01 -5.182776934999635543e-01 1.469830774124300188e+00 0.000000000000000000e+00 0.000000000000000000e+00 0.000000000000000000e+00 0.000000000000000000e+00 0.000000000000000000e+00 0.000000000000000000e+00 0.000000000000000000e+00 0.000000000000000000e+00 0.000000000000000000e+00 0.000000000000000000e+00 0.000000000000000000e+00 0.000000000000000000e+00 0.000000000000000000e+00 0.000000000000000000e+00 0.000000000000000000e+00 0.000000000000000000e+00 0.000000000000000000e+00 0.000000000000000000e+00
-7.482884055592315953e-01 -3.889162709247363514e-01 -2.860564751883575840e-01 1.431359867631572635e+00 0.000000000000000000e+00 0.000000000000000000e+00 0.000000000000000000e+00 0.000000000000000000e+00 0.000000000000000000e+00 0.000000000000000000e+00 0.000000000000000000e+00 0.000000000000000000e+00 0.000000000000000000e+00 0.000000000000000000e+00 0.000000000000000000e+00 0.000000000000000000e+00 0.000000000000000000e+00 0.000000000000000000e+00 0.000000000000000000e+00 0.000000000000000000e+00 0.000000000000000000e+00
-1.745867060922959013e-01 -1.835013590820928353e-01 -6.008199461736934976e-01 -5.015173108807836622e-01 1.421822771649214223e+00 0.000000000000000000e+00 0.000000000000000000e+00 0.000000000000000000e+00 0.000000000000000000e+00 0.000000000000000000e+00 0.000000000000000000e+00 0.000000000000000000e+00 0.000000000000000000e+00 0.000000000000000000e+00 0.000000000000000000e+00 0.000000000000000000e+00 0.000000000000000000e+00 0.000000000000000000e+00 0.000000000000000000e+00 0.000000000000000000e+00 0.000000000000000000e+00
6.106493178001585198e-01 5.687015164707778236e-01 -6.053221345355402905e-02 8.115132762382035181e-02 4.647947483839376948e-01 1.334045740572051830e+00 0.000000000000000000e+00 0.000000000000000000e+00 0.000000000000000000e+00 0.000000000000000000e+00 0.000000000000000000e+00 0.000000000000000000e+00 0.000000000000000000e+00 0.000000000000000000e+00 0.000000000000000000e+00 0.000000000000000000e+00 0.000000000000000000e+00 0.000000000000000000e+00 0.000000000000000000e+00 0.000000000000000000e+00 0.000000000000000000e+00
5.870040811042829265e-01 -1.891268916085202534e-01 1.494995692916067098e-01 -3.232450316020941128e-01 -7.061937630715533487e-01 6.432372598018180065e-01 1.191351214057660535e+00 0.000000000000000000e+00 0.000000000000000000e+00 0.000000000000000000e+00 0.000000000000000000e+00 0.000000000000000000e+00 0.000000000000000000e+00 0.000000000000000000e+00 0.000000000000000000e+00 0.000000000000000000e+00 0.000000000000000000e+00 0.000000000000000000e+00 0.000000000000000000e+00 0.000000000000000000e+00 0.000000000000000000e+00
3.586261931956974403e-01 -7.011221582699762589e-01 3.419133501224035365e-01 -6.318913891685836726e-01 2.022295215541718705e-01 -4.635309307205649487e-01 -4.370342214722833796e-01 1.176136817360418307e+00 0.000000000000000000e+00 0.000000000000000000e+00 0.000000000000000000e+00 0.000000000000000000e+00 0.000000000000000000e+00 0.000000000000000000e+00 0.000000000000000000e+00 0.000000000000000000e+00 0.000000000000000000e+00 0.000000000000000000e+00 0.000000000000000000e+00 0.000000000000000000e+00 0.000000000000000000e+00
-6.822592060304335515e-01 -6.991073286859716962e-01 -2.976169416019106562e-01 -8.614916977987603641e-02 -6.700038220807277289e-01 -1.339959977019526405e-01 3.274495130566072998e-01 -4.142360150326196422e-01 1.053290293694140400e+00 0.000000000000000000e+00 0.000000000000000000e+00 0.000000000000000000e+00 0.000000000000000000e+00 0.000000000000000000e+00 0.000000000000000000e+00 0.000000000000000000e+00 0.000000000000000000e+00 0.000000000000000000e+00 0.000000000000000000e+00 0.000000000000000000e+00 0.000000000000000000e+00
4.028321999779690965e-01 -5.779673403036046375e-01 -4.002518028664692751e-01 -2.479600078015968545e-01 -6.200832435806005183e-01 -4.427052002879392489e-01 3.979820914903807183e-01 -4.649741314892065769e-01 -4.372695954116226358e-01 1.029820165592010728e+00 0.000000000000000000e+00 0.000000000000000000e+00 0.000000000000000000e+00 0.000000000000000000e+00 0.000000000000000000e+00 0.000000000000000000e+00 0.000000000000000000e+00 0.000000000000000000e+00 0.000000000000000000e+00 0.000000000000000000e+00 0.000000000000000000e+00
1.711047126737362256e-01 3.662857169563589754e-01 2.009259468497150147e-01 -3.251594115060280621e-01 5.728517075503128941e-01 -6.565415313721186807e-01 -2.855877602962816897e-01 4.187554225482243986e-01 4.650515189685704431e-01 -9.137575585413217072e-02 9.997106665957559146e-01 0.000000000000000000e+00 0.000000000000000000e+00 0.000000000000000000e+00 0.000000000000000000e+00 0.000000000000000000e+00 0.000000000000000000e+00 0.000000000000000000e+00 0.000000000000000000e+00 0.000000000000000000e+00 0.000000000000000000e+00
-7.125390034535913353e-01 -3.325761345789562951e-01 -6.913797994883863485e-02 6.525672004723696018e-01 3.735728088166674343e-01 4.458516622475217628e-01 3.148702924208797715e-01 4.869315537962412566e-01 1.905198285644923994e-01 -4.596541750462145304e-01 2.852516495533573004e-01 9.453721788037643403e-01 0.000000000000000000e+00 0.000000000000000000e+00 0.000000000000000000e+00 0.000000000000000000e+00 0.000000000000000000e+00 0.000000000000000000e+00 0.000000000000000000e+00 0.000000000000000000e+00 0.000000000000000000e+00
-8.870276375169955374e-02 -1.354255886804513476e-01 6.756437694653349979e-01 -3.817320626311096476e-01 -4.571100163511734871e-01 3.199383407845788896e-01 -7.767552778896660848e-02 -1.489244655778195481e-01 4.538365031718197273e-01 4.719145995016818529e-01 3.661273196418788900e-01 3.576568121778459508e-01 9.425380261020551709e-01 0.000000000000000000e+00 0.000000000000000000e+00 0.000000000000000000e+00 0.000000000000000000e+00 0.000000000000000000e+00 0.000000000000000000e+00 0.000000000000000000e+00 0.000000000000000000e+00
7.446839796854073379e-01 -3.250428766511384016e-01 -1.958724238081984426e-01 3.678963838505213135e-01 6.583330370332185141e-03 -4.100134328405632966e-01 5.579085098835914192e-01 5.835397662400639840e-01 -4.712850862415419728e-01 -6.086976540505777133e-02 3.463021951275443988e-01 1.004805609400985789e-01 -4.392629274886400981e-01 7.609122027424838342e-01 0.000000000000000000e+00 0.000000000000000000e+00 0.000000000000000000e+00 0.000000000000000000e+00 0.000000000000000000e+00 0.000000000000000000e+00 0.000000000000000000e+00
5.223008791571097376e-02 6.639222364457645353e-01 5.058380489706764127e-01 3.682706944991878673e-01 -4.841451718309404684e-01 -3.831095176427792848e-01 5.053895907984214952e-01 -5.357049036470307168e-01 -7.287222788577286947e-02 -8.986027084654027441e-02 -1.376208505627586620e-01 3.332606116908715665e-01 2.422044501944618233e-01 5.044281217134348461e-02 8.500266457245650997e-01 0.000000000000000000e+00 0.000000000000000000e+00 0.000000000000000000e+00 0.000000000000000000e+00 0.000000000000000000e+00 0.000000000000000000e+00
4.450860236251709123e-01 -3.034519346895147573e-01 -1.150089422938890132e-01 6.542612182246074770e-01 5.139086155698288083e-01 6.209911279614791502e-01 -4.199034455271202226e-01 1.339733325295025014e-02 -4.660084248898262449e-01 3.707582348211523049e-02 -4.581821726378840776e-01 -1.833961182524403155e-01 -2.051181251248683224e-01 -1.106999123997991774e-01 3.766891573398724047e-01 8.555128789617104657e-01 0.000000000000000000e+00 0.000000000000000000e+00 0.000000000000000000e+00 0.000000000000000000e+00 0.000000000000000000e+00
-5.934181923147341386e-01 -4.532881889223642213e-01 3.086598538132375724e-01 -2.680544742112427326e-01 -4.644362252495489729e-01 1.269400787815426479e-01 -2.817712759568694048e-02 -4.010503817973972707e-01 -4.487350165983222117e-01 1.085750611376601338e-01 2.404087579147025922e-01 -3.941285079428158977e-01 -4.094053996453821398e-01 3.298432603676137997e-01 -2.716721571944104574e-01 -3.517315975837294051e-01 7.392437761108378025e-01 0.000000000000000000e+00 0.000000000000000000e+00 0.000000000000000000e+00 0.000000000000000000e+00
2.418771972986443475e-01 6.632238742908750373e-01 2.064456398298961659e-01 -1.338965649382168055e-01 4.193057893521781598e-01 -3.636358194098199825e-01 -5.620904024331333515e-01 1.462056069867355979e-01 -3.464825230083400931e-01 5.067926833085418803e-01 3.150058466560343717e-01 -1.110634272000077249e-01 -3.643451146720528278e-01 1.214433455620251012e-01 -3.730812724190044616e-01 -1.164369747497085439e-01 2.239278139930351852e-01 7.029978424504095269e-01 0.000000000000000000e+00 0.000000000000000000e+00 0.000000000000000000e+00
-6.266264900847791364e-02 5.664246589790969955e-01 4.721302810181686183e-01 6.670552167529405496e-01 1.941930086291710489e-01 5.513353214554402859e-01 1.646729863740682143e-01 1.937310088395742258e-01 -4.610345572103885514e-01 -4.089887452513807919e-01 -4.560151616978060374e-01 4.338232528109193242e-01 -1.296361373413384976e-01 -1.734905685417994781e-01 1.249162932229594958e-01 -4.239996820194681937e-01 1.539180418788977378e-01 2.103906688898840027e-01 6.702105068509283115e-01 0.000000000000000000e+00 0.000000000000000000e+00
-7.020668354003414269e-01 2.066998028754491734e-01 -6.322028179136014447e-01 1.254561491791661154e-01 4.237724298427974490e-01 4.528456940868954006e-01 -5.263163207947163524e-01 -1.317651045907356488e-01 -3.289682319664432031e-01 -4.421999154586452874e-01 2.093128302835507160e-01 -4.260463826366451823e-01 -8.676817764026460711e-02 -3.558869455219147437e-01 -4.806870795696842162e-03 4.031141174220678747e-01 -3.399275749105873379e-01 -2.236720495150472388e-01 2.544770905818704021e-01 6.559980710500027401e-01 0.000000000000000000e+00
-6.419959383561295585e-01 2.133679700007211910e-01 -9.867259242235222605e-02 6.658911197885568622e-01 -6.722692897876020313e-01 1.895539831892949223e-01 4.773137242803542901e-01 -2.746081225842235685e-01 -2.370547501080826902e-01 -1.634186552983928620e-01 4.517646391903599179e-01 3.232159869282724696e-02 -1.212891767905306395e-01 -3.310238197615401612e-01 -2.364259019409104545e-01 3.966758867818619416e-01 2.851704643105200110e-01 2.936895774854531016e-01 2.133006214194228534e-01 2.539363612900307210e-01 5.938287935015833519e-01
