1.615363667406926940e+00 0.000000000000000000e+00 0.000000000000000000e+00 0.000000000000000000e+00 0.000000000000000000e+00 0.000000000000000000e+00 0.000000000000000000e+00 0.000000000000000000e+00 0.000000000000000000e+00 0.000000000000000000e+00 0.000000000000000000e+00
8.048833245931186209e-01 1.392225887333551793e+00 0.000000000000000000e+00 0.000000000000000000e+00 0.000000000000000000e+00 0.000000000000000000e+00 0.000000000000000000e+00 0.000000000000000000e+00 0.000000000000000000e+00 0.000000000000000000e+00 0.000000000000000000e+00
-6.154796710465501031e-01 3.450626802147269134e-01 1.205863795468686384e+00 0.000000000000000000e+00 0.000000000000000000e+00 0.000000000000000000e+00 0.000000000000000000e+00 0.000000000000000000e+00 0.000000000000000000e+00 0.000000000000000000e+00 0.000000000000000000e+00
6.087224090057553605e-01 -3.466193625670404010e-01 -4.018924453272113562e-01 1.139235398207846028e+00 0.000000000000000000e+00 0.000000000000000000e+00 0.000000000000000000e+00 0.000000000000000000e+00 0.000000000000000000e+00 0.000000000000000000e+00 0.000000000000000000e+00
-5.408801616229585128e-03 6.933430716073983868e-01 6.008777743569226892e-01 -4.253608453507589648e-01 9.557432284514140175e-01 0.000000000000000000e+00 0.000000000000000000e+00 0.000000000000000000e+00 0.000000000000000000e+00 0.000000000000000000e+00 0.000000000000000000e+00
5.994568151564581004e-01 -3.488641035020649817e-01 3.994112372332360161e-01 -2.824754402197304226e-01 -1.320600246686828849e-01 1.095537747349189850e+00 0.000000000000000000e+00 0.000000000000000000e+00 0.000000000000000000e+00 0.000000000000000000e+00 0.000000000000000000e+00
5.993223800906064547e-01 3.524563342134476307e-01 1.960170450675217668e-01 -1.507687778523717492e-01 -4.423557281446849898e-01 -3.847759095557490294e-01 1.026573880640560432e+00 0.000000000000000000e+00 0.000000000000000000e+00 0.000000000000000000e+00 0.000000000000000000e+00
6.118551808164925943e-01 3.478468557814267670e-01 -5.970590744007070461e-01 -4.255297789368329697e-01 -6.434715923565263729e-02 -1.175292827312721111e-01 -4.863929922273160789e-01 8.109573612854451552e-01 0.000000000000000000e+00 0.000000000000000000e+00 0.000000000000000000e+00
6.114079827727278982e-01 3.419882044412476119e-01 -5.980546117639955472e-01 -4.220044709265082794e-01 -6.379514963973902109e-02 -1.190148284523974975e-01 -4.902143617117664109e-01 -3.909857109627665195e-01 7.123018234282464389e-01 0.000000000000000000e+00 0.000000000000000000e+00
-6.135746169094274949e-01 3.497306997920451854e-01 3.981786392159546439e-01 5.686684947881519570e-01 -2.529001817294327936e-01 4.170087989614997270e-01 2.824511519294861106e-01 -9.115023015019438346e-02 -1.510394092761556395e-01 7.910309380705928817e-01 0.000000000000000000e+00
8.216468346199604783e-03 -6.944136799025190099e-01 -6.003102193230218653e-01 4.304021437096927638e-01 6.352434500236320281e-02 1.155888685646807856e-01 -4.602301489049221983e-01 -1.783619062260111132e-01 -3.041203832032418064e-01 3.533444243402532603e-01 6.590129147605144899e-01
