1.586738408415774959e+00 0.000000000000000000e+00 0.000000000000000000e+00 0.000000000000000000e+00 0.000000000000000000e+00 0.000000000000000000e+00 0.000000000000000000e+00 0.000000000000000000e+00 0.000000000000000000e+00 0.000000000000000000e+00 0.000000000000000000e+00 0.000000000000000000e+00 0.000000000000000000e+00 0.000000000000000000e+00 0.000000000000000000e+00 0.000000000000000000e+00 0.000000000000000000e+00 0.000000000000000000e+00
6.664507217039704612e-01 1.394530438946448347e+00 0.000000000000000000e+00 0.000000000000000000e+00 0.000000000000000000e+00 0.000000000000000000e+00 0.000000000000000000e+00 0.000000000000000000e+00 0.000000000000000000e+00 0.000000000000000000e+00 0.000000000000000000e+00 0.000000000000000000e+00 0.000000000000000000e+00 0.000000000000000000e+00 0.000000000000000000e+00 0.000000000000000000e+00 0.000000000000000000e+00 0.000000000000000000e+00
-2.795218367799683357e-01 6.457179184180021903e-01 1.430058757476363684e+00 0.000000000000000000e+00 0.000000000000000000e+00 0.000000000000000000e+00 0.000000000000000000e+00 0.000000000000000000e+00 0.000000000000000000e+00 0.000000000000000000e+00 0.000000000000000000e+00 0.000000000000000000e+00 0.000000000000000000e+00 0.000000000000000000e+00 0.000000000000000000e+00 0.000000000000000000e+00 0.000000000000000000e+00 0.000000000000000000e+00
4.627466639116465941e-01 -6.927417617070683598e-01 2.529284600016920015e-01 1.455752788826669919e+00 0.000000000000000000e+00 0.000000000000000000e+00 0.000000000000000000e+00 0.000000000000000000e+00 0.000000000000000000e+00 0.000000000000000000e+00 0.000000000000000000e+00 0.000000000000000000e+00 0.000000000000000000e+00 0.000000000000000000e+00 0.000000000000000000e+00 0.000000000000000000e+00 0.000000000000000000e+00 0.000000000000000000e+00
1.916471165397241605e-01 4.242141552566909279e-01 -1.283454126125063710e-01 -6.484104693665582175e-01 1.335603298761902424e+00 0.000000000000000000e+00 0.000000000000000000e+00 0.000000000000000000e+00 0.000000000000000000e+00 0.000000000000000000e+00 0.000000000000000000e+00 0.000000000000000000e+00 0.000000000000000000e+00 0.000000000000000000e+00 0.000000000000000000e+00 0.000000000000000000e+00 0.000000000000000000e+00 0.000000000000000000e+00
6.589132292351131959e-01 6.118772170089031848e-01 7.110814138326012612e-01 1.394140020350788656e-01 3.065635091960428049e-01 1.265473049739111788e+00 0.000000000000000000e+00 0.000000000000000000e+00 0.000000000000000000e+00 0.000000000000000000e+00 0.000000000000000000e+00 0.000000000000000000e+00 0.000000000000000000e+00 0.000000000000000000e+00 0.000000000000000000e+00 0.000000000000000000e+00 0.000000000000000000e+00 0.000000000000000000e+00
-1.866346394644420592e-01 2.524915396584985761e-01 -4.760976392587412676e-02 6.643484982970950803e-01 -4.528773692272706208e-01 5.501570652115530535e-01 1.252936328181573522e+00 0.000000000000000000e+00 0.000000000000000000e+00 0.000000000000000000e+00 0.000000000000000000e+00 0.000000000000000000e+00 0.000000000000000000e+00 0.000000000000000000e+00 0.000000000000000000e+00 0.000000000000000000e+00 0.000000000000000000e+00 0.000000000000000000e+00
-3.414226285206648503e-01 3.557945945820312206e-01 2.792496198341914426e-01 -3.181415707608964971e-01 6.068284555269759517e-01 -5.447027688430500225e-01 4.990322799728617587e-01 1.176277676079311885e+00 0.000000000000000000e+00 0.000000000000000000e+00 0.000000000000000000e+00 0.000000000000000000e+00 0.000000000000000000e+00 0.000000000000000000e+00 0.000000000000000000e+00 0.000000000000000000e+00 0.000000000000000000e+00 0.000000000000000000e+00
5.370365910950466448e-01 3.488635501934191918e-01 -6.901377931471550653e-01 -5.468587605443844257e-01 6.402468208007140449e-01 -4.186440607114294554e-01 -2.162167708076464245e-01 -4.325420395381073813e-01 1.113654221501749308e+00 0.000000000000000000e+00 0.000000000000000000e+00 0.000000000000000000e+00 0.000000000000000000e+00 0.000000000000000000e+00 0.000000000000000000e+00 0.000000000000000000e+00 0.000000000000000000e+00 0.000000000000000000e+00
3.899257614161110164e-01 1.031729907069039859e-01 6.292251391326347809e-01 6.933866422098493576e-01 3.451605962714227038e-01 6.273879107911632669e-02 1.052091051806641336e-01 -2.276515391458239501e-01 -5.531767242783524052e-01 9.030980899671117168e-01 0.000000000000000000e+00 0.000000000000000000e+00 0.000000000000000000e+00 0.000000000000000000e+00 0.000000000000000000e+00 0.000000000000000000e+00 0.000000000000000000e+00 0.000000000000000000e+00
6.355640220112757088e-01 1.243606424264923210e-01 2.806493704575869774e-01 4.481873769859500145e-01 2.109147512808960678e-01 -5.531072337212321610e-01 -6.135045341121150297e-01 5.106860655688238992e-01 -5.363309813681947924e-01 6.552653897117520498e-02 8.396195038400900978e-01 0.000000000000000000e+00 0.000000000000000000e+00 0.000000000000000000e+00 0.000000000000000000e+00 0.000000000000000000e+00 0.000000000000000000e+00 0.000000000000000000e+00
1.732566657565759172e-01 1.444025471311008724e-01 1.343843348642052016e-01 5.127306751557458853e-01 -6.110966090933637185e-01 5.668293960701838996e-01 3.645871357176317523e-02 2.110207884573735149e-01 4.982129615292815172e-01 3.981039560793901422e-01 -3.907159702579537375e-01 8.941646010526819177e-01 0.000000000000000000e+00 0.000000000000000000e+00 0.000000000000000000e+00 0.000000000000000000e+00 0.000000000000000000e+00 0.000000000000000000e+00
-6.295833772361834058e-01 4.908387843506450410e-01 4.012772353237667455e-01 -6.806170881490336555e-01 1.926569021893902861e-02 -5.871607583355666904e-01 -2.385369466540752381e-01 5.369491487865444279e-01 4.214589468650346560e-01 1.691641139065273025e-01 2.577401869477631557e-02 -4.075752168153585209e-01 8.266511045552672465e-01 0.000000000000000000e+00 0.000000000000000000e+00 0.000000000000000000e+00 0.000000000000000000e+00 0.000000000000000000e+00
4.800082728623695782e-01 6.895349993150104995e-01 -5.149017290185059492e-01 6.934556037932159134e-01 -2.136068679721600250e-01 -3.600855033275128791e-01 -5.426920516712172571e-01 -4.042300293838315128e-01 -1.596434413552774018e-02 1.739736964853698387e-01 3.588416790502827469e-01 2.098149527649456267e-02 3.224445337390344779e-01 6.888040694595296554e-01 0.000000000000000000e+00 0.000000000000000000e+00 0.000000000000000000e+00 0.000000000000000000e+00
6.157743892436944311e-01 -5.957975271483414437e-01 1.335941174426497902e-01 -7.618426099024690201e-02 -4.072857471730227941e-01 -6.037047641417314647e-01 5.906762976504907892e-01 -2.536411931432959732e-01 -4.193958553071980289e-01 -2.473535128007756934e-01 -2.277585379483179906e-01 -1.506377416379378886e-01 -2.384403771206209388e-01 -3.149319627321977566e-01 6.705389166584904137e-01 0.000000000000000000e+00 0.000000000000000000e+00 0.000000000000000000e+00
-7.276986591760611356e-01 5.290998605791361609e-01 4.619601761514235960e-01 3.329747474609837665e-01 9.233004764144217558e-02 -2.610354037384201020e-01 -4.038014660632960884e-01 5.486616396063801471e-01 2.954250968036650771e-01 -4.098314762100113140e-01 5.628133067341733325e-02 1.388940583684306895e-01 9.632484688664297301e-02 3.238991351360591131e-01 1.569357182195404432e-01 7.007341591411858639e-01 0.000000000000000000e+00 0.000000000000000000e+00
-7.258348074452064536e-01 1.860143686201335134e-01 7.108920541275779437e-01 -6.704559442919765244e-01 4.472744416638744225e-01 3.067524462569484189e-01 2.598375157944417535e-01 4.340671094819726905e-01 6.295443824730005689e-02 -3.542432427438924752e-02 1.110661902381140376e-01 3.596336507113505609e-01 2.799241273360920101e-01 -9.663808694511785702e-02 1.043429193689030254e-01 3.098580833793334599e-01 6.962229565151670796e-01 0.000000000000000000e+00
-5.369968286357184040e-01 5.516897298836612729e-01 2.004723880822353033e-01 3.807786294043875031e-01 -5.740739551698569310e-01 -4.925616597753084691e-01 1.792275482600932945e-02 -3.941888258702119230e-01 3.784827629281893313e-01 -4.009468084720956699e-02 2.084013362435440941e-01 -2.835097695520116812e-01 2.691768132968759275e-01 1.892815204753178215e-01 -7.324177754349588121e-02 3.202678355349547479e-01 -2.818390696335557610e-01 6.196223309039524674e-01
