1.627486702617675807e+00 0.000000000000000000e+00 0.000000000000000000e+00 0.000000000000000000e+00 0.000000000000000000e+00 0.000000000000000000e+00 0.000000000000000000e+00 0.000000000000000000e+00 0.000000000000000000e+00 0.000000000000000000e+00 0.000000000000000000e+00 0.000000000000000000e+00 0.000000000000000000e+00 0.000000000000000000e+00 0.000000000000000000e+00 0.000000000000000000e+00
7.913774060385092568e-01 1.404356089553395526e+00 0.000000000000000000e+00 0.000000000000000000e+00 0.000000000000000000e+00 0.000000000000000000e+00 0.000000000000000000e+00 0.000000000000000000e+00 0.000000000000000000e+00 0.000000000000000000e+00 0.000000000000000000e+00 0.000000000000000000e+00 0.000000000000000000e+00 0.000000000000000000e+00 0.000000000000000000e+00 0.000000000000000000e+00
-7.586848847258149675e-01 5.971693888072102663e-01 1.381162935312413076e+00 0.000000000000000000e+00 0.000000000000000000e+00 0.000000000000000000e+00 0.000000000000000000e+00 0.000000000000000000e+00 0.000000000000000000e+00 0.000000000000000000e+00 0.000000000000000000e+00 0.000000000000000000e+00 0.000000000000000000e+00 0.000000000000000000e+00 0.000000000000000000e+00 0.000000000000000000e+00
5.488286075707529132e-01 -6.053839864333867560e-01 5.336690845655130966e-01 1.364987745955468457e+00 0.000000000000000000e+00 0.000000000000000000e+00 0.000000000000000000e+00 0.000000000000000000e+00 0.000000000000000000e+00 0.000000000000000000e+00 0.000000000000000000e+00 0.000000000000000000e+00 0.000000000000000000e+00 0.000000000000000000e+00 0.000000000000000000e+00 0.000000000000000000e+00
-7.676033438797310593e-01 -3.927412268507407545e-01 6.741915053028182392e-01 -2.902550327941957331e-01 1.179859374554202311e+00 0.000000000000000000e+00 0.000000000000000000e+00 0.000000000000000000e+00 0.000000000000000000e+00 0.000000000000000000e+00 0.000000000000000000e+00 0.000000000000000000e+00 0.000000000000000000e+00 0.000000000000000000e+00 0.000000000000000000e+00 0.000000000000000000e+00
7.165755549744947661e-01 3.868060081775261949e-01 -9.695997696007102595e-02 -3.844358210889943783e-01 -4.447938645181895301e-01 1.217998239062486387e+00 0.000000000000000000e+00 0.000000000000000000e+00 0.000000000000000000e+00 0.000000000000000000e+00 0.000000000000000000e+00 0.000000000000000000e+00 0.000000000000000000e+00 0.000000000000000000e+00 0.000000000000000000e+00 0.000000000000000000e+00
7.341809644322371264e-01 -5.784072947222583527e-02 -6.238335284199516551e-01 -6.258619573880482845e-01 1.790775286299877145e-01 -3.118384067127319415e-01 1.210648364656180753e+00 0.000000000000000000e+00 0.000000000000000000e+00 0.000000000000000000e+00 0.000000000000000000e+00 0.000000000000000000e+00 0.000000000000000000e+00 0.000000000000000000e+00 0.000000000000000000e+00 0.000000000000000000e+00
-7.757803038859151235e-01 4.700134893550644843e-01 3.502517459077298390e-01 4.139171535343285635e-01 -5.303684702471785917e-01 3.632799242205268508e-01 5.087467873338673563e-01 9.810468735964855691e-01 0.000000000000000000e+00 0.000000000000000000e+00 0.000000000000000000e+00 0.000000000000000000e+00 0.000000000000000000e+00 0.000000000000000000e+00 0.000000000000000000e+00 0.000000000000000000e+00
6.971027460966329192e-01 -6.535125218969400906e-02 -4.904582430040980712e-01 -5.483055825546859774e-01 -4.834520602776663512e-01 1.965389665974637823e-01 -4.483594459543495114e-01 -3.958904488984409387e-01 9.948831657708898657e-01 0.000000000000000000e+00 0.000000000000000000e+00 0.000000000000000000e+00 0.000000000000000000e+00 0.000000000000000000e+00 0.000000000000000000e+00 0.000000000000000000e+00
-7.265765666098547015e-01 4.731431053699116096e-01 -1.466163582335947846e-01 5.477092100518120565e-01 4.785046610583363336e-01 -4.029572810748440759e-01 -5.313305105543536522e-01 2.827894379727841079e-01 -3.185031996155020528e-01 8.305199916591435860e-01 0.000000000000000000e+00 0.000000000000000000e+00 0.000000000000000000e+00 0.000000000000000000e+00 0.000000000000000000e+00 0.000000000000000000e+00
-4.846891421086015894e-01 1.269570391786247476e-01 -3.388625815099031158e-01 -6.394072996119838370e-01 4.774795347970843817e-01 5.758234141308810061e-01 5.192141644786941734e-01 3.471863022860158798e-01 -4.807210428050023299e-01 -9.926708667522285423e-02 9.207882471652870660e-01 0.000000000000000000e+00 0.000000000000000000e+00 0.000000000000000000e+00 0.000000000000000000e+00 0.000000000000000000e+00
-2.962944502324329488e-01 3.438562058585833414e-01 6.840934474271166410e-01 4.883197213013550919e-01 1.281741748385702429e-01 -5.859199316285398362e-01 -5.150915101204316393e-01 3.958252033332637643e-01 4.178003342056596514e-01 2.589229808243927455e-01 -4.585575128852622528e-01 8.022326028114199481e-01 0.000000000000000000e+00 0.000000000000000000e+00 0.000000000000000000e+00 0.000000000000000000e+00
2.785511936453234916e-01 6.049913714026675660e-01 -5.435242703747414916e-01 -5.723301790662914668e-01 -4.686617664476825929e-01 1.129531029549446924e-01 4.671323882480292178e-01 -1.222179858736189423e-01 4.049229130462842496e-01 2.466582315250014368e-01 3.080538678955688781e-01 3.524206946041547606e-01 7.963192790295672285e-01 0.000000000000000000e+00 0.000000000000000000e+00 0.000000000000000000e+00
8.076818895409171306e-01 -5.327832173026856438e-02 -5.323639420148090773e-01 4.442931310856567118e-01 4.075769518743232456e-01 1.709279175743391721e-01 6.049272006755074260e-01 -2.002964678274861132e-01 -4.152600683501960765e-01 -2.606228906424217229e-01 4.556331870682499563e-01 -8.620532814071533989e-02 3.943203264638703853e-01 6.841346469449737233e-01 0.000000000000000000e+00 0.000000000000000000e+00
8.041217348460099057e-01 -4.857244603389178628e-01 -3.611305170799853359e-01 1.126800553819462813e-01 -5.875524814904153903e-01 -5.602660411281253916e-01 -1.372684126055501719e-01 -4.326989669824838347e-01 2.205937298796260826e-01 2.803856434664880881e-01 -4.689790955235237369e-03 3.635830997966590372e-01 1.912980806415300883e-01 3.392450505562450425e-01 6.845864475678230532e-01 0.000000000000000000e+00
-3.938374337439221606e-01 -6.857738220324015588e-01 -5.752644731669818157e-01 4.357894289058285575e-01 3.913755909979891312e-01 -3.458169437987052008e-01 1.607668011869289038e-01 -4.614108300434619503e-01 4.928836207768050870e-01 -3.845248620006222473e-01 -3.056864274185340791e-01 -1.877804896633462339e-01 2.070706514958129130e-01 -3.385482060680559679e-01 -3.385230435998672904e-01 5.973207403787147429e-01
