1.595360671925951657e+00 0.000000000000000000e+00 0.000000000000000000e+00 0.000000000000000000e+00 0.000000000000000000e+00 0.000000000000000000e+00 0.000000000000000000e+00 0.000000000000000000e+00 0.000000000000000000e+00 0.000000000000000000e+00
6.414325144094810138e-01 1.266002023459343651e+00 0.000000000000000000e+00 0.000000000000000000e+00 0.000000000000000000e+00 0.000000000000000000e+00 0.000000000000000000e+00 0.000000000000000000e+00 0.000000000000000000e+00 0.000000000000000000e+00
-6.497452610746653479e-01 3.141069246690901262e-01 1.222972879502031596e+00 0.000000000000000000e+00 0.000000000000000000e+00 0.000000000000000000e+00 0.000000000000000000e+00 0.000000000000000000e+00 0.000000000000000000e+00 0.000000000000000000e+00
-6.486951662755692238e-01 -4.783326805341472920e-01 6.099235442991304268e-01 9.927428306930662361e-01 0.000000000000000000e+00 0.000000000000000000e+00 0.000000000000000000e+00 0.000000000000000000e+00 0.000000000000000000e+00 0.000000000000000000e+00
6.417170881620730682e-01 4.749036696695371207e-01 2.029444682738631989e-01 -4.959912083633675195e-01 1.042793019019311318e+00 0.000000000000000000e+00 0.000000000000000000e+00 0.000000000000000000e+00 0.000000000000000000e+00 0.000000000000000000e+00
6.412032692883038454e-01 4.758987135796129975e-01 2.031773641566115562e-01 4.938351307677721902e-01 -3.995049915763419501e-01 9.586320206560261514e-01 0.000000000000000000e+00 0.000000000000000000e+00 0.000000000000000000e+00 0.000000000000000000e+00
6.228847503054141255e-01 -3.212115219836995106e-01 4.079894101944567808e-01 -2.089075547872486661e-03 -3.235195277057390517e-01 -4.778712355817426594e-01 1.000340349934011330e+00 0.000000000000000000e+00 0.000000000000000000e+00 0.000000000000000000e+00
-6.513209264643419205e-01 3.097107169921963221e-01 4.063002139210372676e-01 4.918136282297835282e-01 3.986149658441404675e-01 8.057092664552309436e-02 4.991463348853019122e-01 8.145093201863037313e-01 0.000000000000000000e+00 0.000000000000000000e+00
6.497168436786467938e-01 4.798160659352944113e-01 -6.104842659428185714e-01 4.766835123054342298e-04 -4.830543477884560732e-01 3.167672607147694053e-01 9.228489392622186592e-04 -4.045310915754663506e-01 7.070432647444359064e-01 0.000000000000000000e+00
6.317164699916590909e-01 -3.227095454438396183e-01 -4.100819451678908156e-01 4.925971914182842859e-01 7.782795251229274180e-02 -3.958291733980325300e-01 4.983528132549402412e-01 2.030507417843878948e-01 -3.525381816718295425e-01 7.081304203022045218e-01
