1.549426215727750078e+00 0.000000000000000000e+00 0.000000000000000000e+00 0.000000000000000000e+00 0.000000000000000000e+00 0.000000000000000000e+00 0.000000000000000000e+00 0.000000000000000000e+00 0.000000000000000000e+00 0.000000000000000000e+00 0.000000000000000000e+00 0.000000000000000000e+00 0.000000000000000000e+00 0.000000000000000000e+00 0.000000000000000000e+00 0.000000000000000000e+00 0.000000000000000000e+00 0.000000000000000000e+00 0.000000000000000000e+00
-9.853911216054613009e-02 1.711870177463880482e+00 0.000000000000000000e+00 0.000000000000000000e+00 0.000000000000000000e+00 0.000000000000000000e+00 0.000000000000000000e+00 0.000000000000000000e+00 0.000000000000000000e+00 0.000000000000000000e+00 0.000000000000000000e+00 0.000000000000000000e+00 0.000000000000000000e+00 0.000000000000000000e+00 0.000000000000000000e+00 0.000000000000000000e+00 0.000000000000000000e+00 0.000000000000000000e+00 0.000000000000000000e+00
4.017272145763065572e-01 -6.316962955401360658e-01 1.353357903005452778e+00 0.000000000000000000e+00 0.000000000000000000e+00 0.000000000000000000e+00 0.000000000000000000e+00 0.000000000000000000e+00 0.000000000000000000e+00 0.000000000000000000e+00 0.000000000000000000e+00 0.000000000000000000e+00 0.000000000000000000e+00 0.000000000000000000e+00 0.000000000000000000e+00 0.000000000000000000e+00 0.000000000000000000e+00 0.000000000000000000e+00 0.000000000000000000e+00
-7.386570793693097992e-01 -3.610487485524058182e-01 6.666437051763436372e-01 1.370949307712556298e+00 0.000000000000000000e+00 0.000000000000000000e+00 0.000000000000000000e+00 0.000000000000000000e+00 0.000000000000000000e+00 0.000000000000000000e+00 0.000000000000000000e+00 0.000000000000000000e+00 0.000000000000000000e+00 0.000000000000000000e+00 0.000000000000000000e+00 0.000000000000000000e+00 0.000000000000000000e+00 0.000000000000000000e+00 0.000000000000000000e+00
1.026615792947620787e-01 7.719398999404259998e-01 -4.117921305596067283e-01 -5.658839772198521745e-01 1.313087991008492939e+00 0.000000000000000000e+00 0.000000000000000000e+00 0.000000000000000000e+00 0.000000000000000000e+00 0.000000000000000000e+00 0.000000000000000000e+00 0.000000000000000000e+00 0.000000000000000000e+00 0.000000000000000000e+00 0.000000000000000000e+00 0.000000000000000000e+00 0.000000000000000000e+00 0.000000000000000000e+00 0.000000000000000000e+00
-1.651082544765627436e-01 -7.355987736961456802e-01 1.059203191888526546e-01 -2.743512425164968405e-01 5.635357763047125212e-01 1.195658265878211557e+00 0.000000000000000000e+00 0.000000000000000000e+00 0.000000000000000000e+00 0.000000000000000000e+00 0.000000000000000000e+00 0.000000000000000000e+00 0.000000000000000000e+00 0.000000000000000000e+00 0.000000000000000000e+00 0.000000000000000000e+00 0.000000000000000000e+00 0.000000000000000000e+00 0.000000000000000000e+00
-5.244325396437341524e-01 6.900007974106527886e-01 -5.720469240115844123e-01 4.417555827435858951e-01 5.908132185904346745e-01 -4.424696194063850729e-01 1.060101161557251981e+00 0.000000000000000000e+00 0.000000000000000000e+00 0.000000000000000000e+00 0.000000000000000000e+00 0.000000000000000000e+00 0.000000000000000000e+00 0.000000000000000000e+00 0.000000000000000000e+00 0.000000000000000000e+00 0.000000000000000000e+00 0.000000000000000000e+00 0.000000000000000000e+00
6.325161680746113069e-01 -4.576572625264730965e-01 3.999299242740230187e-01 6.295648940338059996e-01 -3.573992879215044938e-01 -5.835005798193657611e-01 3.822623767453173782e-01 1.096296851864416499e+00 0.000000000000000000e+00 0.000000000000000000e+00 0.000000000000000000e+00 0.000000000000000000e+00 0.000000000000000000e+00 0.000000000000000000e+00 0.000000000000000000e+00 0.000000000000000000e+00 0.000000000000000000e+00 0.000000000000000000e+00 0.000000000000000000e+00
5.491886169075808066e-01 -8.317728457344915061e-01 -5.891115070742865001e-01 -1.683791620607950068e-01 -6.287902805178441357e-01 -6.560934636216514404e-02 -1.318373610297655929e-01 -5.402113822887616434e-01 1.001901892543705097e+00 0.000000000000000000e+00 0.000000000000000000e+00 0.000000000000000000e+00 0.000000000000000000e+00 0.000000000000000000e+00 0.000000000000000000e+00 0.000000000000000000e+00 0.000000000000000000e+00 0.000000000000000000e+00 0.000000000000000000e+00
6.822078616388694838e-01 6.580613185706533086e-01 -4.349415085344193188e-01 1.917517918023076418e-01 1.270735551321404699e-01 -3.971139394796448924e-02 -2.959574781984323777e-01 4.077688703507453272e-01 -4.865812959545052774e-01 9.798945564256816843e-01 0.000000000000000000e+00 0.000000000000000000e+00 0.000000000000000000e+00 0.000000000000000000e+00 0.000000000000000000e+00 0.000000000000000000e+00 0.000000000000000000e+00 0.000000000000000000e+00 0.000000000000000000e+00
-1.819282372431691164e-01 3.396032214889123102e-01 -6.300657730979973836e-01 1.095774207598514960e-01 2.247465552507090791e-01 4.916188262496015149e-01 9.681078211002314138e-02 -4.581301415242090558e-01 4.198922146395931976e-01 4.560021698197008200e-01 9.752378407368684776e-01 0.000000000000000000e+00 0.000000000000000000e+00 0.000000000000000000e+00 0.000000000000000000e+00 0.000000000000000000e+00 0.000000000000000000e+00 0.000000000000000000e+00 0.000000000000000000e+00
-4.626977054865573091e-01 6.224452843381333977e-01 5.836691918834919779e-01 3.530535746784641549e-01 3.413757794527028100e-01 -5.646128112511509256e-01 -5.004476046283944102e-02 -3.875440312430282197e-01 3.466016677737561169e-01 -4.079466158446757307e-01 2.815999047157383139e-01 9.238811510515979597e-01 0.000000000000000000e+00 0.000000000000000000e+00 0.000000000000000000e+00 0.000000000000000000e+00 0.000000000000000000e+00 0.000000000000000000e+00 0.000000000000000000e+00
-3.323328976679803537e-01 3.772587089081386735e-01 -2.370588568592064405e-01 4.408945243758986554e-01 6.293167498819022265e-01 -2.006584039240473238e-01 -3.514849132107673857e-02 5.139866969204818226e-01 -2.950188497130981635e-01 -2.955567732106558210e-01 2.541395789295747831e-01 -3.828070939101523851e-01 9.843959220685835065e-01 0.000000000000000000e+00 0.000000000000000000e+00 0.000000000000000000e+00 0.000000000000000000e+00 0.000000000000000000e+00 0.000000000000000000e+00
7.321797488433993140e-01 -5.097237604756789109e-01 5.163777307970741637e-01 3.366762614923148322e-01 -5.542189240345304357e-01 2.669393286809189636e-01 -1.609454431819576925e-01 2.790325508908230723e-01 -2.786141525928989005e-01 -4.029216283589914793e-01 -4.215279646783073875e-01 -2.901980992852193908e-01 -4.656909476188878516e-01 7.986569032240712351e-01 0.000000000000000000e+00 0.000000000000000000e+00 0.000000000000000000e+00 0.000000000000000000e+00 0.000000000000000000e+00
-3.597105908275647357e-01 8.145166163687773686e-01 -4.812771042207589778e-01 -6.284738820151843930e-01 -1.971715175983474733e-01 3.705343916905452437e-03 4.163815978513620841e-01 -4.305022411756512790e-01 -4.649873085489541480e-01 -2.860596839644488076e-01 3.434914333021714672e-01 4.152064956970788479e-01 -2.198703374394846977e-01 3.940686867570406537e-01 7.322107043781139746e-01 0.000000000000000000e+00 0.000000000000000000e+00 0.000000000000000000e+00 0.000000000000000000e+00
3.566877255840826821e-01 -6.175363711429869840e-01 -5.612850707444172471e-01 4.779360015515356497e-01 -4.649817572914723973e-01 4.834589818759882363e-02 -2.888220043998712683e-01 -1.672346161848907442e-01 -1.061965743802347484e-01 -4.382277275830482322e-01 -4.289869741325826324e-01 -1.258038540777518532e-01 2.967685799827740056e-01 7.159916400267408998e-02 -2.361871617607159413e-01 6.855658200445615691e-01 0.000000000000000000e+00 0.000000000000000000e+00 0.000000000000000000e+00
-6.322110037058347176e-01 -8.292878016310623046e-01 1.958462533010054130e-01 -3.592914875340456199e-02 2.553210832085008875e-01 1.027592881565490002e-01 -4.956590789237310113e-01 -9.697740091872947277e-02 7.510395075087226979e-02 3.468841079919752768e-01 4.679647111562124651e-01 3.038294423887409890e-01 -2.395468142868548422e-01 -3.804820039655121278e-01 1.545755851151893179e-01 2.088815998857503353e-01 6.900561353644559803e-01 0.000000000000000000e+00 0.000000000000000000e+00
5.725897961994338425e-01 -6.585346773440325929e-01 -5.301409966513629390e-01 3.626150498319342108e-01 -1.910430818674517806e-01 -3.086713776682379895e-01 -1.172571973258817041e-01 3.666756417601477192e-01 1.360949412928369809e-02 -4.194212642298050797e-01 2.040697715243174337e-01 -4.001180186229535418e-01 -2.458559528954247786e-01 -3.333377008847583367e-01 2.902144201146965585e-01 1.308190532077382617e-01 -2.041289989398848981e-01 7.171448889711370400e-01 0.000000000000000000e+00
5.617024726618879971e-01 -4.262593636260502694e-01 -6.106950823350916213e-01 -6.576021369140147010e-01 1.085694928327848724e-01 3.988439532871593807e-01 -2.286361066123768770e-01 -4.480584460961584692e-01 5.161886973882671287e-02 1.538883746096205438e-03 3.662180944244199932e-01 4.147509747860783080e-01 6.803059538150288410e-02 -3.046263233218300392e-01 2.732968198407479399e-01 2.567887067439865167e-01 -1.728290170507675583e-01 -3.202611882928588227e-01 6.446292801870511235e-01
