1.406126510570296695e+00 0.000000000000000000e+00 0.000000000000000000e+00 0.000000000000000000e+00 0.000000000000000000e+00 0.000000000000000000e+00 0.000000000000000000e+00 0.000000000000000000e+00 0.000000000000000000e+00 0.000000000000000000e+00 0.000000000000000000e+00 0.000000000000000000e+00 0.000000000000000000e+00 0.000000000000000000e+00
-6.785986909126577871e-01 1.419587943332873747e+00 0.000000000000000000e+00 0.000000000000000000e+00 0.000000000000000000e+00 0.000000000000000000e+00 0.000000000000000000e+00 0.000000000000000000e+00 0.000000000000000000e+00 0.000000000000000000e+00 0.000000000000000000e+00 0.000000000000000000e+00 0.000000000000000000e+00 0.000000000000000000e+00
-5.044815122820248826e-02 -6.445839412706045879e-01 1.251465479028560202e+00 0.000000000000000000e+00 0.000000000000000000e+00 0.000000000000000000e+00 0.000000000000000000e+00 0.000000000000000000e+00 0.000000000000000000e+00 0.000000000000000000e+00 0.000000000000000000e+00 0.000000000000000000e+00 0.000000000000000000e+00 0.000000000000000000e+00
7.456377997765001320e-02 6.797089165742870032e-01 -4.185119452220665281e-01 1.383925901851008611e+00 0.000000000000000000e+00 0.000000000000000000e+00 0.000000000000000000e+00 0.000000000000000000e+00 0.000000000000000000e+00 0.000000000000000000e+00 0.000000000000000000e+00 0.000000000000000000e+00 0.000000000000000000e+00 0.000000000000000000e+00
-6.772602973586172581e-01 -3.276279585108379244e-01 5.661410514550789808e-01 6.740251419225588014e-01 1.212982379579882641e+00 0.000000000000000000e+00 0.000000000000000000e+00 0.000000000000000000e+00 0.000000000000000000e+00 0.000000000000000000e+00 0.000000000000000000e+00 0.000000000000000000e+00 0.000000000000000000e+00 0.000000000000000000e+00
6.639251680106368347e-01 -1.782569872767182650e-01 -7.640766486074450359e-02 6.784288407144053457e-01 -3.803047496768152680e-01 1.212752437386163118e+00 0.000000000000000000e+00 0.000000000000000000e+00 0.000000000000000000e+00 0.000000000000000000e+00 0.000000000000000000e+00 0.000000000000000000e+00 0.000000000000000000e+00 0.000000000000000000e+00
4.431354593332115406e-03 -6.582838650519312607e-01 -4.419809925826181374e-01 3.398772893652975413e-01 -1.312897622215600246e-01 4.864099979231036319e-01 1.002776045514317316e+00 0.000000000000000000e+00 0.000000000000000000e+00 0.000000000000000000e+00 0.000000000000000000e+00 0.000000000000000000e+00 0.000000000000000000e+00 0.000000000000000000e+00
6.256918899539279932e-01 -4.427555399676892933e-01 -1.629998848764415698e-01 -6.237422887168280194e-01 -4.723662585866065244e-01 2.903766482074919275e-01 -4.257967117088503062e-01 1.003379796603757423e+00 0.000000000000000000e+00 0.000000000000000000e+00 0.000000000000000000e+00 0.000000000000000000e+00 0.000000000000000000e+00 0.000000000000000000e+00
-6.872962447857580148e-01 4.187077405041428335e-01 1.918747344509210973e-01 6.101049712068354891e-01 4.714364138779165159e-01 5.144067574324580061e-01 -5.652029061241137416e-03 -4.355941354043605940e-01 9.099725234531944595e-01 0.000000000000000000e+00 0.000000000000000000e+00 0.000000000000000000e+00 0.000000000000000000e+00 0.000000000000000000e+00
-3.382254744924897971e-02 -4.994783950589581911e-01 -3.033803936997992445e-01 -6.593616391760280804e-01 -3.683728803835807364e-01 4.084970059477556203e-01 4.205029097791268544e-01 4.175519355450685866e-01 -4.545663945687444252e-01 8.786563106959573988e-01 0.000000000000000000e+00 0.000000000000000000e+00 0.000000000000000000e+00 0.000000000000000000e+00
-7.025063054000916241e-01 2.558222796269395416e-01 -6.199487973770707594e-01 6.705145629996881462e-01 3.650692865057283965e-01 5.381574333543971411e-01 -4.178213655549808392e-01 2.944408878600726642e-01 2.334760277918508653e-01 -4.171700391560096421e-01 7.025815019379009208e-01 0.000000000000000000e+00 0.000000000000000000e+00 0.000000000000000000e+00
-7.016648635400958289e-01 -3.410050299960398212e-01 -2.022230276495997903e-01 2.266145172027240196e-01 -4.947342571197666516e-01 1.148854764248446320e-01 4.930006694117650135e-01 3.520993923870210374e-01 -1.247316808291433488e-01 2.048269102754122495e-01 -3.419459057174358274e-01 7.058699905069828473e-01 0.000000000000000000e+00 0.000000000000000000e+00
6.916971487099112803e-01 -5.777309512929650337e-01 4.477291351049748069e-01 5.966373475082173972e-01 -2.917485648337824200e-01 2.152084315101880641e-01 4.105101432293569164e-01 -4.340987889234487196e-01 2.721588667593655142e-01 3.281330406260226651e-01 -2.737513958994097470e-04 -2.702540447576478287e-03 6.990741537102853620e-01 0.000000000000000000e+00
5.567224288625834128e-03 6.822960770223635008e-01 -4.411329035730541803e-01 -4.968169864832670535e-01 -1.094382599192079697e-01 2.657320380040131824e-01 3.082857475421020288e-01 -1.404890573021802813e-01 -4.112561155096994270e-02 -3.980104042993350966e-01 -3.432687882049777484e-01 7.908559778777479038e-03 -3.369934425262471889e-01 7.050073602969767483e-01
