1.677400529904423454e+00 0.000000000000000000e+00 0.000000000000000000e+00 0.000000000000000000e+00 0.000000000000000000e+00 0.000000000000000000e+00 0.000000000000000000e+00 0.000000000000000000e+00 0.000000000000000000e+00 0.000000000000000000e+00 0.000000000000000000e+00 0.000000000000000000e+00 0.000000000000000000e+00 0.000000000000000000e+00 0.000000000000000000e+00 0.000000000000000000e+00 0.000000000000000000e+00 0.000000000000000000e+00 0.000000000000000000e+00 0.000000000000000000e+00 0.000000000000000000e+00 0.000000000000000000e+00 0.000000000000000000e+00
-7.096777155336440046e-01 1.714961043426666221e+00 0.000000000000000000e+00 0.000000000000000000e+00 0.000000000000000000e+00 0.000000000000000000e+00 0.000000000000000000e+00 0.000000000000000000e+00 0.000000000000000000e+00 0.000000000000000000e+00 0.000000000000000000e+00 0.000000000000000000e+00 0.000000000000000000e+00 0.000000000000000000e+00 0.000000000000000000e+00 0.000000000000000000e+00 0.000000000000000000e+00 0.000000000000000000e+00 0.000000000000000000e+00 0.000000000000000000e+00 0.000000000000000000e+00 0.000000000000000000e+00 0.000000000000000000e+00
-8.026807782402533009e-01 -7.259091344403618695e-01 1.326601508513900463e+00 0.000000000000000000e+00 0.000000000000000000e+00 0.000000000000000000e+00 0.000000000000000000e+00 0.000000000000000000e+00 0.000000000000000000e+00 0.000000000000000000e+00 0.000000000000000000e+00 0.000000000000000000e+00 0.000000000000000000e+00 0.000000000000000000e+00 0.000000000000000000e+00 0.000000000000000000e+00 0.000000000000000000e+00 0.000000000000000000e+00 0.000000000000000000e+00 0.000000000000000000e+00 0.000000000000000000e+00 0.000000000000000000e+00 0.000000000000000000e+00
-5.416685639989539114e-01 -5.933622338993475021e-01 -6.616813681568386452e-01 1.526925508576636670e+00 0.000000000000000000e+00 0.000000000000000000e+00 0.000000000000000000e+00 0.000000000000000000e+00 0.000000000000000000e+00 0.000000000000000000e+00 0.000000000000000000e+00 0.000000000000000000e+00 0.000000000000000000e+00 0.000000000000000000e+00 0.000000000000000000e+00 0.000000000000000000e+00 0.000000000000000000e+00 0.000000000000000000e+00 0.000000000000000000e+00 0.000000000000000000e+00 0.000000000000000000e+00 0.000000000000000000e+00 0.000000000000000000e+00
-7.045941928402122967e-01 3.358086830400823231e-01 5.725939131864156151e-01 5.828107679746467040e-01 1.410453892596099434e+00 0.000000000000000000e+00 0.000000000000000000e+00 0.000000000000000000e+00 0.000000000000000000e+00 0.000000000000000000e+00 0.000000000000000000e+00 0.000000000000000000e+00 0.000000000000000000e+00 0.000000000000000000e+00 0.000000000000000000e+00 0.000000000000000000e+00 0.000000000000000000e+00 0.000000000000000000e+00 0.000000000000000000e+00 0.000000000000000000e+00 0.000000000000000000e+00 0.000000000000000000e+00 0.000000000000000000e+00
7.369743650553947090e-01 3.777424409276522455e-01 -6.489927878610869394e-01 4.138641406232470010e-01 5.710260886881365350e-01 1.342966545918285792e+00 0.000000000000000000e+00 0.000000000000000000e+00 0.000000000000000000e+00 0.000000000000000000e+00 0.000000000000000000e+00 0.000000000000000000e+00 0.000000000000000000e+00 0.000000000000000000e+00 0.000000000000000000e+00 0.000000000000000000e+00 0.000000000000000000e+00 0.000000000000000000e+00 0.000000000000000000e+00 0.000000000000000000e+00 0.000000000000000000e+00 0.000000000000000000e+00 0.000000000000000000e+00
7.822543724942256915e-01 7.307596701175654852e-01 -5.596629403352137988e-01 -4.047333893613695444e-01 -6.018074973167146791e-01 -4.493413897744131802e-01 1.295506516456651047e+00 0.000000000000000000e+00 0.000000000000000000e+00 0.000000000000000000e+00 0.000000000000000000e+00 0.000000000000000000e+00 0.000000000000000000e+00 0.000000000000000000e+00 0.000000000000000000e+00 0.000000000000000000e+00 0.000000000000000000e+00 0.000000000000000000e+00 0.000000000000000000e+00 0.000000000000000000e+00 0.000000000000000000e+00 0.000000000000000000e+00 0.000000000000000000e+00
6.990049144357955990e-01 6.921534894916917535e-01 5.062810088870803998e-02 6.838588065421660200e-01 4.839691688332849462e-01 5.612332109215506515e-01 -1.705194521865519008e-01 1.121082258480649241e+00 0.000000000000000000e+00 0.000000000000000000e+00 0.000000000000000000e+00 0.000000000000000000e+00 0.000000000000000000e+00 0.000000000000000000e+00 0.000000000000000000e+00 0.000000000000000000e+00 0.000000000000000000e+00 0.000000000000000000e+00 0.000000000000000000e+00 0.000000000000000000e+00 0.000000000000000000e+00 0.000000000000000000e+00 0.000000000000000000e+00
-7.557199924034799787e-01 7.584678802292912358e-01 6.417241677628318097e-01 4.028100003568674259e-02 2.766307730689434585e-01 -3.514031934388661682e-01 -6.453425115131963818e-02 4.301221161498968715e-01 1.097097285978096970e+00 0.000000000000000000e+00 0.000000000000000000e+00 0.000000000000000000e+00 0.000000000000000000e+00 0.000000000000000000e+00 0.000000000000000000e+00 0.000000000000000000e+00 0.000000000000000000e+00 0.000000000000000000e+00 0.000000000000000000e+00 0.000000000000000000e+00 0.000000000000000000e+00 0.000000000000000000e+00 0.000000000000000000e+00
3.593785629317188812e-01 -6.632259889033653710e-01 4.625454789510497489e-01 9.639041421384621222e-02 3.554670034222233710e-01 5.545238224632580426e-01 -3.948797395078089134e-01 5.105947804500866605e-01 -2.736495021793551308e-01 1.306752139043108496e+00 0.000000000000000000e+00 0.000000000000000000e+00 0.000000000000000000e+00 0.000000000000000000e+00 0.000000000000000000e+00 0.000000000000000000e+00 0.000000000000000000e+00 0.000000000000000000e+00 0.000000000000000000e+00 0.000000000000000000e+00 0.000000000000000000e+00 0.000000000000000000e+00 0.000000000000000000e+00
4.899509145920729614e-01 -2.147183167423027117e-01 -5.597076237880588279e-01 6.505778037726036578e-01 -6.525239714607528052e-01 -3.010408308882925876e-01 5.637876723967093912e-02 1.535931789417619986e-01 -3.405117671562447046e-01 6.273349237760157404e-01 1.031502480862842352e+00 0.000000000000000000e+00 0.000000000000000000e+00 0.000000000000000000e+00 0.000000000000000000e+00 0.000000000000000000e+00 0.000000000000000000e+00 0.000000000000000000e+00 0.000000000000000000e+00 0.000000000000000000e+00 0.000000000000000000e+00 0.000000000000000000e+00 0.000000000000000000e+00
4.204405090621082253e-01 6.744799395081475524e-01 -8.321781179011439322e-02 2.686806591873266425e-01 -4.447036087258079973e-01 -6.060857873437915933e-01 -4.919996509217023917e-01 3.093490933873586646e-01 5.379469567489901793e-01 -3.507792860526259826e-01 -5.879372494035727675e-02 9.446009463306974663e-01 0.000000000000000000e+00 0.000000000000000000e+00 0.000000000000000000e+00 0.000000000000000000e+00 0.000000000000000000e+00 0.000000000000000000e+00 0.000000000000000000e+00 0.000000000000000000e+00 0.000000000000000000e+00 0.000000000000000000e+00 0.000000000000000000e+00
7.282063243355053617e-01 -6.470883022259350525e-01 -4.531263222842908944e-01 -3.635168366313065169e-01 -1.199039982008740374e-01 -4.282303417000086210e-01 -2.383218142786444338e-01 7.650778002226572838e-02 2.034318251737791405e-01 4.990601244270091441e-01 2.885272031808029380e-01 -4.444955794655121029e-01 1.004152823262524974e+00 0.000000000000000000e+00 0.000000000000000000e+00 0.000000000000000000e+00 0.000000000000000000e+00 0.000000000000000000e+00 0.000000000000000000e+00 0.000000000000000000e+00 0.000000000000000000e+00 0.000000000000000000e+00 0.000000000000000000e+00
3.942734893098597815e-01 1.435685564378891277e-01 -6.557401713241537422e-01 -4.971801386566274683e-01 4.117007599551084779e-02 -3.711494140884957771e-01 -3.388273750844964516e-01 -2.072510699274698331e-01 -3.111523742393481617e-01 5.667494892988423905e-01 -3.099514384650177146e-01 -7.058938752615599721e-02 -4.606333759060836086e-01 8.754194435419510034e-01 0.000000000000000000e+00 0.000000000000000000e+00 0.000000000000000000e+00 0.000000000000000000e+00 0.000000000000000000e+00 0.000000000000000000e+00 0.000000000000000000e+00 0.000000000000000000e+00 0.000000000000000000e+00
-1.750741698910238675e-01 -3.417141492435454286e-01 5.943380967876000787e-01 -1.012908940644966227e-01 -1.996763004112452611e-01 5.230112751278822580e-01 4.584573749942245091e-01 3.355019137414508856e-01 -4.908933874451178458e-01 6.122912583821698007e-01 3.781108758265729897e-01 -1.106415488701566613e-01 -8.432328197596924979e-02 2.356717321333978710e-01 9.119673979259346197e-01 0.000000000000000000e+00 0.000000000000000000e+00 0.000000000000000000e+00 0.000000000000000000e+00 0.000000000000000000e+00 0.000000000000000000e+00 0.000000000000000000e+00 0.000000000000000000e+00
-4.449635509863558158e-01 -2.422536807457151276e-01 -3.025866208888398079e-01 5.152658873752301583e-01 -6.751278948194248120e-01 -1.348309195891420897e-01 4.343515329705776029e-01 5.385240720000928905e-01 -2.694411925360702675e-02 5.559851549352194944e-01 -3.422337995549313838e-01 -4.226156124543049009e-01 3.998891034670215006e-01 -2.087900586334549835e-01 3.804618203152720368e-01 7.943261994651046320e-01 0.000000000000000000e+00 0.000000000000000000e+00 0.000000000000000000e+00 0.000000000000000000e+00 0.000000000000000000e+00 0.000000000000000000e+00 0.000000000000000000e+00
7.937824861111343333e-01 3.607409007889374464e-01 -3.854386724327335534e-01 2.605714553720532844e-01 5.528680963891947631e-01 2.985076419375020662e-01 -4.370823214013829228e-01 -4.954031306184952799e-01 -2.875363297145772795e-02 5.414535801716303665e-01 3.153590494953839585e-01 -3.784785733529161811e-01 2.598298068405137662e-01 1.169585704132119694e-02 -2.887518776878511551e-01 -9.861350919910133461e-02 7.513962161425382646e-01 0.000000000000000000e+00 0.000000000000000000e+00 0.000000000000000000e+00 0.000000000000000000e+00 0.000000000000000000e+00 0.000000000000000000e+00
-2.882161016623590449e-02 5.031328584997947218e-01 -3.258046036598539197e-01 1.713531598023311786e-01 1.443958071814220034e-01 3.303853773604990551e-01 -6.245943548230701303e-01 -4.122825802680919471e-01 -1.784872830275908429e-01 -5.528391862567222370e-01 7.355255834738705020e-03 -1.929601479366165051e-01 3.641379208163329495e-01 2.944758419080606981e-01 -3.385767009917677872e-01 -3.517040569710629394e-01 3.181308629804970867e-01 7.976768101317555093e-01 0.000000000000000000e+00 0.000000000000000000e+00 0.000000000000000000e+00 0.000000000000000000e+00 0.000000000000000000e+00
-7.871054968712624111e-01 -6.741559943781527675e-02 -5.313142305508351537e-01 6.685208985778385848e-01 3.211032780977649548e-01 -4.081914245060549451e-01 -6.113873107169379706e-01 -2.933404371426929780e-01 4.079591228433561145e-01 2.194816515580230443e-01 -7.917116221128005227e-02 4.086491588657643614e-01 -6.427114343456932777e-02 -3.145652853462433951e-01 4.389140480840547642e-01 -1.772522657491234499e-01 -1.865402700703513439e-01 -3.960079098745210024e-01 7.948338822586028529e-01 0.000000000000000000e+00 0.000000000000000000e+00 0.000000000000000000e+00 0.000000000000000000e+00
7.635206464997462694e-01 -2.513129544854211805e-01 4.451740947866199005e-01 -2.425430467480662322e-01 6.390873875186953157e-01 4.653953221772835769e-01 -1.337240158889459705e-03 -2.321227015163676577e-02 -2.358548500475696752e-01 2.913943994851941333e-01 4.111647239057210634e-01 4.553706410838195273e-01 3.066248989361112787e-01 1.993715505910687302e-01 1.944003081499260377e-01 -1.795562161916718913e-01 2.806426018429453717e-01 1.347172274502589362e-01 2.384227913322388148e-01 7.114219704152983104e-01 0.000000000000000000e+00 0.000000000000000000e+00 0.000000000000000000e+00
-6.402862281822990775e-01 -1.607973276632394810e-01 5.335031177323253937e-01 -1.472343593260592998e-01 -3.009639265922310347e-01 -2.504981306209622116e-01 -2.761295658449297030e-01 -3.065178834607646952e-01 -2.812117334080076470e-01 -6.119588574512894175e-01 3.184777752564485476e-01 2.102420584804325920e-01 3.890881500532697990e-01 -3.993521923611550450e-01 -2.460964037775266178e-01 -1.392028183869384594e-01 -3.440559871265475023e-01 -2.091165369870509050e-01 -2.203702622488411256e-01 2.702073247997436312e-01 6.432780717629170697e-01 0.000000000000000000e+00 0.000000000000000000e+00
4.294389598525840679e-01 3.732170146653495668e-01 -4.690414483808848511e-01 3.952300857886923563e-02 -1.619335654267913260e-01 -3.752118563490807190e-01 4.887474333975848073e-01 3.634945296442361751e-01 -3.483460716368677601e-01 -3.539183325074135578e-01 -4.165028329491873293e-01 -2.552012064952053488e-03 4.684683765776196385e-01 -3.883109450197483326e-01 1.860935457695446771e-01 -3.678777035445670585e-01 3.638239742553853184e-01 -3.166632473339713316e-01 -1.721088296241070348e-01 -3.055863085910887622e-01 -2.122017940664428504e-01 6.094516993385530323e-01 0.000000000000000000e+00
-4.452880732299556166e-01 6.375640093328414082e-01 6.193920976505927767e-01 -1.393521233649481772e-01 7.048639962277188920e-01 -1.028894135091273504e-01 -6.377886740384344222e-01 3.374606852996196449e-01 -3.093312240984208428e-01 -2.036784724911264999e-01 -2.405071222877911696e-01 4.148177394199727142e-02 -3.217836252554858723e-01 -2.453419849618090898e-01 -5.318771281727213002e-02 -3.791047033916959408e-01 7.210991127576610316e-02 -2.360114595273135052e-01 3.203157009295458657e-01 -3.358166181796883309e-01 2.075744116673614859e-01 -2.438026204807934583e-01 5.277893073390896861e-01
