1.467966578016124624e+00 0.000000000000000000e+00 0.000000000000000000e+00 0.000000000000000000e+00 0.000000000000000000e+00 0.000000000000000000e+00 0.000000000000000000e+00 0.000000000000000000e+00 0.000000000000000000e+00 0.000000000000000000e+00 0.000000000000000000e+00 0.000000000000000000e+00 0.000000000000000000e+00 0.000000000000000000e+00 0.000000000000000000e+00
-2.689346494681220112e-01 1.455321028320184062e+00 0.000000000000000000e+00 0.000000000000000000e+00 0.000000000000000000e+00 0.000000000000000000e+00 0.000000000000000000e+00 0.000000000000000000e+00 0.000000000000000000e+00 0.000000000000000000e+00 0.000000000000000000e+00 0.000000000000000000e+00 0.000000000000000000e+00 0.000000000000000000e+00 0.000000000000000000e+00
6.972509737832036647e-01 6.481778256282823003e-01 1.246931606276082460e+00 0.000000000000000000e+00 0.000000000000000000e+00 0.000000000000000000e+00 0.000000000000000000e+00 0.000000000000000000e+00 0.000000000000000000e+00 0.000000000000000000e+00 0.000000000000000000e+00 0.000000000000000000e+00 0.000000000000000000e+00 0.000000000000000000e+00 0.000000000000000000e+00
5.952136237632702498e-01 -6.733896954618523445e-01 -4.071686405406815257e-01 1.346427457036293074e+00 0.000000000000000000e+00 0.000000000000000000e+00 0.000000000000000000e+00 0.000000000000000000e+00 0.000000000000000000e+00 0.000000000000000000e+00 0.000000000000000000e+00 0.000000000000000000e+00 0.000000000000000000e+00 0.000000000000000000e+00 0.000000000000000000e+00
6.913747061047383902e-01 -5.832435921254308653e-01 -1.897190992131526921e-01 5.179408765434818651e-01 1.189700223867678375e+00 0.000000000000000000e+00 0.000000000000000000e+00 0.000000000000000000e+00 0.000000000000000000e+00 0.000000000000000000e+00 0.000000000000000000e+00 0.000000000000000000e+00 0.000000000000000000e+00 0.000000000000000000e+00 0.000000000000000000e+00
-7.197289390081401672e-01 -5.239890890886839819e-02 5.266713220742657020e-01 -5.805307474403985646e-01 -3.710626835719070815e-01 1.081922952539286831e+00 0.000000000000000000e+00 0.000000000000000000e+00 0.000000000000000000e+00 0.000000000000000000e+00 0.000000000000000000e+00 0.000000000000000000e+00 0.000000000000000000e+00 0.000000000000000000e+00 0.000000000000000000e+00
-6.603373199479969369e-01 1.239063288370939320e-01 -1.885781489389050103e-01 -4.862257989501712618e-01 4.892684376490902820e-01 4.392025637049856712e-01 1.185809349851538963e+00 0.000000000000000000e+00 0.000000000000000000e+00 0.000000000000000000e+00 0.000000000000000000e+00 0.000000000000000000e+00 0.000000000000000000e+00 0.000000000000000000e+00 0.000000000000000000e+00
-7.007944815242723724e-01 -3.986897679045996457e-01 -2.609787970722574069e-01 -5.061434210926594839e-03 5.262229199159478288e-01 5.233899369459298345e-01 -3.297577772090144466e-01 1.097032029289638944e+00 0.000000000000000000e+00 0.000000000000000000e+00 0.000000000000000000e+00 0.000000000000000000e+00 0.000000000000000000e+00 0.000000000000000000e+00 0.000000000000000000e+00
8.966769333727822588e-02 5.698534308964765538e-01 2.773960870710558968e-01 6.602432837977284530e-01 2.627561485986849021e-01 4.549685438612780519e-01 -3.800244473352639568e-02 5.361180329291198587e-01 9.857997449585255145e-01 0.000000000000000000e+00 0.000000000000000000e+00 0.000000000000000000e+00 0.000000000000000000e+00 0.000000000000000000e+00 0.000000000000000000e+00
-6.206692328613602067e-02 1.047678162860808393e-01 2.483742019492043707e-01 -5.741428292710364367e-01 4.505799138000839421e-01 -3.318073323262253349e-01 -3.089651388670555110e-01 -5.254411268104474120e-01 -3.819880161016256936e-01 9.503543236650668913e-01 0.000000000000000000e+00 0.000000000000000000e+00 0.000000000000000000e+00 0.000000000000000000e+00 0.000000000000000000e+00
-1.874742949292620975e-01 6.216965186970925261e-01 3.795531265479004657e-01 -3.148823564841181089e-01 -2.371554559820577557e-01 -4.418739467238622098e-01 3.851889447919503162e-01 3.960941431160850401e-01 -3.335127895150999389e-01 -3.830657345832321203e-01 8.320427831753408610e-01 0.000000000000000000e+00 0.000000000000000000e+00 0.000000000000000000e+00 0.000000000000000000e+00
5.954465369483373793e-01 2.710222977836825864e-01 3.996112688405454860e-01 3.572500990939271870e-01 4.005455777858991095e-01 -4.695009324396233197e-01 5.410546965628702798e-02 -5.473197904023762161e-01 3.862932766101023763e-01 -1.498735901006299220e-01 4.101059152880410785e-01 7.740860896704170324e-01 0.000000000000000000e+00 0.000000000000000000e+00 0.000000000000000000e+00
-4.700934083351562265e-01 -8.574010052273431381e-02 4.253693660039646329e-01 5.697285430860287159e-01 4.975124557067897024e-01 -4.624913069323903780e-01 -4.718035646630068247e-01 -2.444709003449277787e-02 4.706022083872105632e-01 2.926743443432057723e-01 2.276603475630583351e-01 -3.600658526293957218e-01 6.198272820561949725e-01 0.000000000000000000e+00 0.000000000000000000e+00
-1.679847935301828354e-01 -6.620234937196280978e-01 3.862196728838310222e-01 6.064358549515043162e-01 3.882682887032978813e-01 -1.579084794261568017e-02 -3.420814936832877184e-01 1.594802777347403278e-01 -1.630127844873562326e-01 3.840406056989953965e-01 -4.012631212389984880e-01 5.647255442215905717e-03 -2.808109727579496950e-01 6.959783928571648959e-01 0.000000000000000000e+00
4.019701817703823510e-01 -4.460445921449754381e-02 -3.420310423762054630e-01 -6.511049803628446986e-01 -5.398721985970954540e-01 -5.078973885462886306e-01 4.202735486330057557e-01 4.838294278976955631e-01 -2.182901374726685662e-01 -2.504420180659777673e-01 -2.948817811313805826e-01 -7.806372817836532141e-02 1.392984833401623816e-02 2.175871832371336079e-01 6.396696666712593515e-01
