1.411595867154032957e+00 0.000000000000000000e+00 0.000000000000000000e+00 0.000000000000000000e+00 0.000000000000000000e+00 0.000000000000000000e+00 0.000000000000000000e+00 0.000000000000000000e+00 0.000000000000000000e+00 0.000000000000000000e+00 0.000000000000000000e+00 0.000000000000000000e+00
-6.602462246803258994e-01 1.459549416808151978e+00 0.000000000000000000e+00 0.000000000000000000e+00 0.000000000000000000e+00 0.000000000000000000e+00 0.000000000000000000e+00 0.000000000000000000e+00 0.000000000000000000e+00 0.000000000000000000e+00 0.000000000000000000e+00 0.000000000000000000e+00
6.722907238190255486e-01 -5.835561719721807927e-01 1.351039570061854933e+00 0.000000000000000000e+00 0.000000000000000000e+00 0.000000000000000000e+00 0.000000000000000000e+00 0.000000000000000000e+00 0.000000000000000000e+00 0.000000000000000000e+00 0.000000000000000000e+00 0.000000000000000000e+00
-5.565030954521275885e-02 -6.551986618123254447e-01 -3.144256238315562002e-01 1.216484294330333338e+00 0.000000000000000000e+00 0.000000000000000000e+00 0.000000000000000000e+00 0.000000000000000000e+00 0.000000000000000000e+00 0.000000000000000000e+00 0.000000000000000000e+00 0.000000000000000000e+00
-6.998007657656211133e-01 4.002248791817751283e-01 -2.796385802837872414e-01 1.752197544180891520e-01 1.117686119520838739e+00 0.000000000000000000e+00 0.000000000000000000e+00 0.000000000000000000e+00 0.000000000000000000e+00 0.000000000000000000e+00 0.000000000000000000e+00 0.000000000000000000e+00
7.051922760774365084e-01 2.800777378691156061e-01 5.447715791471324787e-01 3.199327171899494782e-01 -4.666724721750976079e-01 8.989500620124473151e-01 0.000000000000000000e+00 0.000000000000000000e+00 0.000000000000000000e+00 0.000000000000000000e+00 0.000000000000000000e+00 0.000000000000000000e+00
6.997230570110012371e-01 -3.676858232064595389e-01 -4.761824494739361757e-01 -3.257177109342699328e-01 -3.868423504612223951e-01 -2.367989288186950758e-01 9.089084176392384640e-01 0.000000000000000000e+00 0.000000000000000000e+00 0.000000000000000000e+00 0.000000000000000000e+00 0.000000000000000000e+00
-7.038398002887006344e-01 3.161230669436655427e-01 5.219456766215616605e-01 2.892958110944599537e-01 -4.813791609051376041e-01 -2.058221809443665784e-01 -3.005009480098713714e-01 8.269683554536895187e-01 0.000000000000000000e+00 0.000000000000000000e+00 0.000000000000000000e+00 0.000000000000000000e+00
-6.730697441342616862e-04 -6.805944669829315785e-01 4.501655276324379451e-01 -3.220321692633080768e-01 -5.004068248623979587e-01 -2.055539797296092874e-01 -4.201942029131543466e-01 -4.055186416499584889e-01 7.838116820275345953e-01 0.000000000000000000e+00 0.000000000000000000e+00 0.000000000000000000e+00
-6.935705394055328155e-01 -5.761156587219593561e-01 6.130782887936805370e-01 -1.830411665609741612e-01 -9.952952374664632285e-02 4.236115399128342340e-01 -4.308325303437141596e-01 3.975402184464780775e-01 3.687772519812030914e-01 8.655571314007585171e-01 0.000000000000000000e+00 0.000000000000000000e+00
8.130103137257604917e-02 6.607055948876970897e-01 -4.331527098369691853e-01 -5.821980040989038763e-01 -2.193310256457379204e-01 5.656686408607378147e-02 -3.093824961139368668e-01 -6.777743474561693897e-03 3.794930512831952152e-01 2.894584808774970375e-01 8.159574313304166493e-01 0.000000000000000000e+00
4.379616780333750459e-02 6.729815877771836430e-01 -4.536925062107514117e-01 2.440437491156438321e-01 -3.227484802536471076e-01 -2.901704601662961625e-01 -1.650852585838191167e-01 -4.096116415375090081e-01 3.868953243382237117e-01 -2.872526689162258062e-01 4.059106197023877316e-01 7.064099840681351550e-01
