1.633307755308003095e+00 0.000000000000000000e+00 0.000000000000000000e+00 0.000000000000000000e+00 0.000000000000000000e+00 0.000000000000000000e+00 0.000000000000000000e+00 0.000000000000000000e+00 0.000000000000000000e+00 0.000000000000000000e+00 0.000000000000000000e+00 0.000000000000000000e+00 0.000000000000000000e+00 0.000000000000000000e+00 0.000000000000000000e+00 0.000000000000000000e+00 0.000000000000000000e+00 0.000000000000000000e+00 0.000000000000000000e+00 0.000000000000000000e+00 0.000000000000000000e+00 0.000000000000000000e+00
-3.311837426397138406e-01 1.553780902982679013e+00 0.000000000000000000e+00 0.000000000000000000e+00 0.000000000000000000e+00 0.000000000000000000e+00 0.000000000000000000e+00 0.000000000000000000e+00 0.000000000000000000e+00 0.000000000000000000e+00 0.000000000000000000e+00 0.000000000000000000e+00 0.000000000000000000e+00 0.000000000000000000e+00 0.000000000000000000e+00 0.000000000000000000e+00 0.000000000000000000e+00 0.000000000000000000e+00 0.000000000000000000e+00 0.000000000000000000e+00 0.000000000000000000e+00 0.000000000000000000e+00
-4.205896017600320169e-01 -6.901526673440087079e-01 1.536466947997932042e+00 0.000000000000000000e+00 0.000000000000000000e+00 0.000000000000000000e+00 0.000000000000000000e+00 0.000000000000000000e+00 0.000000000000000000e+00 0.000000000000000000e+00 0.000000000000000000e+00 0.000000000000000000e+00 0.000000000000000000e+00 0.000000000000000000e+00 0.000000000000000000e+00 0.000000000000000000e+00 0.000000000000000000e+00 0.000000000000000000e+00 0.000000000000000000e+00 0.000000000000000000e+00 0.000000000000000000e+00 0.000000000000000000e+00
-4.865515126480102759e-01 -3.245781006925778089e-01 -1.851458861967801572e-01 1.492198818697943574e+00 0.000000000000000000e+00 0.000000000000000000e+00 0.000000000000000000e+00 0.000000000000000000e+00 0.000000000000000000e+00 0.000000000000000000e+00 0.000000000000000000e+00 0.000000000000000000e+00 0.000000000000000000e+00 0.000000000000000000e+00 0.000000000000000000e+00 0.000000000000000000e+00 0.000000000000000000e+00 0.000000000000000000e+00 0.000000000000000000e+00 0.000000000000000000e+00 0.000000000000000000e+00 0.000000000000000000e+00
7.365486816543287407e-01 -2.969398412403069509e-02 1.936080505200451496e-01 -4.802728030331484543e-01 1.361466060922817745e+00 0.000000000000000000e+00 0.000000000000000000e+00 0.000000000000000000e+00 0.000000000000000000e+00 0.000000000000000000e+00 0.000000000000000000e+00 0.000000000000000000e+00 0.000000000000000000e+00 0.000000000000000000e+00 0.000000000000000000e+00 0.000000000000000000e+00 0.000000000000000000e+00 0.000000000000000000e+00 0.000000000000000000e+00 0.000000000000000000e+00 0.000000000000000000e+00 0.000000000000000000e+00
-3.516269009439944582e-01 5.602478563838036996e-01 -5.023683929949008808e-01 -4.510773422700520841e-01 5.064003911664624047e-01 1.464707300210322805e+00 0.000000000000000000e+00 0.000000000000000000e+00 0.000000000000000000e+00 0.000000000000000000e+00 0.000000000000000000e+00 0.000000000000000000e+00 0.000000000000000000e+00 0.000000000000000000e+00 0.000000000000000000e+00 0.000000000000000000e+00 0.000000000000000000e+00 0.000000000000000000e+00 0.000000000000000000e+00 0.000000000000000000e+00 0.000000000000000000e+00 0.000000000000000000e+00
3.843652169785935491e-01 7.083171097750000644e-01 1.697686319427265944e-01 -5.736472798881983026e-01 -9.645758871429495340e-02 -5.002936652173927135e-01 1.389215958285450636e+00 0.000000000000000000e+00 0.000000000000000000e+00 0.000000000000000000e+00 0.000000000000000000e+00 0.000000000000000000e+00 0.000000000000000000e+00 0.000000000000000000e+00 0.000000000000000000e+00 0.000000000000000000e+00 0.000000000000000000e+00 0.000000000000000000e+00 0.000000000000000000e+00 0.000000000000000000e+00 0.000000000000000000e+00 0.000000000000000000e+00
-3.591462580270999849e-01 -3.623901716154134256e-01 -3.787255223695434325e-01 6.962386698385657491e-01 5.911751796886109966e-01 6.046465372247648018e-01 4.342437569339762660e-01 1.272795637131475033e+00 0.000000000000000000e+00 0.000000000000000000e+00 0.000000000000000000e+00 0.000000000000000000e+00 0.000000000000000000e+00 0.000000000000000000e+00 0.000000000000000000e+00 0.000000000000000000e+00 0.000000000000000000e+00 0.000000000000000000e+00 0.000000000000000000e+00 0.000000000000000000e+00 0.000000000000000000e+00 0.000000000000000000e+00
3.941423063190079290e-01 6.995349860243734730e-01 6.659420598233883881e-01 7.167823990319541760e-01 2.090701774331325119e-02 1.601223928440990985e-02 3.500761986860079222e-01 9.883089058472441235e-02 1.182247603534431368e+00 0.000000000000000000e+00 0.000000000000000000e+00 0.000000000000000000e+00 0.000000000000000000e+00 0.000000000000000000e+00 0.000000000000000000e+00 0.000000000000000000e+00 0.000000000000000000e+00 0.000000000000000000e+00 0.000000000000000000e+00 0.000000000000000000e+00 0.000000000000000000e+00 0.000000000000000000e+00
-3.702045478680692225e-01 -5.226982854380549659e-01 -5.071234167015531424e-01 6.916779999327282713e-01 -5.498573954040567591e-01 -2.537497157028184569e-01 -4.283187080782580036e-01 -1.816778205270097313e-01 4.296607416039257554e-01 1.080358510021094398e+00 0.000000000000000000e+00 0.000000000000000000e+00 0.000000000000000000e+00 0.000000000000000000e+00 0.000000000000000000e+00 0.000000000000000000e+00 0.000000000000000000e+00 0.000000000000000000e+00 0.000000000000000000e+00 0.000000000000000000e+00 0.000000000000000000e+00 0.000000000000000000e+00
-8.133194758730405427e-01 6.222556226045554695e-01 -1.285148929629084322e-02 6.015586173544101856e-01 6.062225419284292816e-01 -3.737918480624786710e-01 3.789714712191122326e-01 3.319792541243545281e-01 1.184554384490922874e-01 -3.657970618422183851e-01 9.340774148326289605e-01 0.000000000000000000e+00 0.000000000000000000e+00 0.000000000000000000e+00 0.000000000000000000e+00 0.000000000000000000e+00 0.000000000000000000e+00 0.000000000000000000e+00 0.000000000000000000e+00 0.000000000000000000e+00 0.000000000000000000e+00 0.000000000000000000e+00
-7.083408635021061217e-01 -3.219845424203351958e-01 -4.856597768966807172e-01 -7.238486741789648127e-01 5.621740256995256396e-02 -1.769416997803727742e-01 3.542025687808495471e-01 -6.096689839219925355e-01 -2.544875578150930795e-01 -1.584955986331006150e-01 -4.194756110123378789e-01 8.958496758141214489e-01 0.000000000000000000e+00 0.000000000000000000e+00 0.000000000000000000e+00 0.000000000000000000e+00 0.000000000000000000e+00 0.000000000000000000e+00 0.000000000000000000e+00 0.000000000000000000e+00 0.000000000000000000e+00 0.000000000000000000e+00
-4.038720153472618590e-01 7.153898485114221772e-01 4.493667072829259784e-02 -3.510779497405139282e-02 6.492666140254710339e-01 2.666468006763129117e-01 3.024322820677090573e-01 6.146727445628644704e-01 4.989307580700844125e-01 2.550422348489430058e-01 4.157733748472025592e-01 -2.135487944135904814e-01 8.173236852904153249e-01 0.000000000000000000e+00 0.000000000000000000e+00 0.000000000000000000e+00 0.000000000000000000e+00 0.000000000000000000e+00 0.000000000000000000e+00 0.000000000000000000e+00 0.000000000000000000e+00 0.000000000000000000e+00
5.503395489639600902e-01 4.281214640572122976e-01 -7.430120341241153170e-01 5.699472745677657270e-01 -6.221744646793934130e-01 2.545097458731764017e-02 5.725230261937989118e-01 -5.755482216698862841e-01 -2.798845163804613012e-01 2.966121693986016328e-01 1.299391564676091737e-01 -4.277504425869695093e-02 3.295281715524481791e-01 7.535889078577839850e-01 0.000000000000000000e+00 0.000000000000000000e+00 0.000000000000000000e+00 0.000000000000000000e+00 0.000000000000000000e+00 0.000000000000000000e+00 0.000000000000000000e+00 0.000000000000000000e+00
-2.130281177001288884e-01 4.226997035533905378e-01 -7.085596019758331199e-01 -1.874703095657745955e-01 -6.576924109054889389e-02 -5.940513954756888593e-01 -6.842003375168810297e-01 5.346820900303844715e-01 -5.743376487231169891e-01 -2.846906998384926904e-02 4.522269209822776248e-01 -3.629065925105807167e-01 2.428539995712434840e-01 -1.803118286851981876e-03 7.724998447100321908e-01 0.000000000000000000e+00 0.000000000000000000e+00 0.000000000000000000e+00 0.000000000000000000e+00 0.000000000000000000e+00 0.000000000000000000e+00 0.000000000000000000e+00
-6.634653658949308808e-01 -4.262565822599624354e-01 -2.473036919215526319e-01 -4.299697719784661976e-01 -4.770368590110367624e-01 -6.615084512561177910e-01 3.820359448517537393e-01 1.938619441427142098e-01 -1.497808080437454670e-01 3.817658356363255456e-01 -4.084717365999917527e-01 3.844500074962900471e-02 1.124971853655919174e-01 -2.145176954868160957e-01 2.023566721074891717e-01 8.072436510341622906e-01 0.000000000000000000e+00 0.000000000000000000e+00 0.000000000000000000e+00 0.000000000000000000e+00 0.000000000000000000e+00 0.000000000000000000e+00
-6.804440447110225998e-01 6.590248670070700254e-02 -4.885130097128114607e-02 -7.389327506261429424e-01 4.591615236000088501e-02 -6.201537787616726582e-01 7.384831397036022149e-02 -6.051910384352279237e-01 4.279930046326407833e-01 3.819607427819486922e-01 -1.544198153052509792e-01 -1.708583181997385125e-01 -9.349866721945775117e-02 2.584100966803027921e-01 -2.319461204304447133e-01 -2.985559911389787935e-01 7.821956485610125354e-01 0.000000000000000000e+00 0.000000000000000000e+00 0.000000000000000000e+00 0.000000000000000000e+00 0.000000000000000000e+00
-1.991732313353622719e-01 -5.701803165479837343e-01 6.541979577538963031e-02 2.094369578260511511e-01 -4.900128333557360327e-01 4.447223486627858713e-01 -6.538311852739134844e-01 -5.706384999366338473e-01 -4.148259542288251223e-01 4.011555249980942039e-01 3.848228484305970531e-01 -3.391092768921258882e-01 -1.583862564033720333e-01 -2.679816916596793885e-01 -3.267800327452238807e-01 -2.055877200362847823e-01 -3.753179705195442972e-01 8.585796183714231589e-01 0.000000000000000000e+00 0.000000000000000000e+00 0.000000000000000000e+00 0.000000000000000000e+00
3.818014653639010825e-01 7.053237360293844738e-01 -6.527337936557030540e-01 -1.516959264562616205e-01 1.833994286527894368e-01 6.262388287140765453e-01 1.837188203896106264e-01 -5.156418941092203445e-01 -4.192472565265311091e-01 4.950961571033220543e-01 -4.160990124527959577e-01 -1.475754452724244714e-01 -1.775479358308296451e-01 1.734373332647230481e-01 -2.987326220479796235e-01 3.274821266160865552e-01 -3.735997326251641049e-01 3.264220930056632719e-01 6.821279247404142820e-01 0.000000000000000000e+00 0.000000000000000000e+00 0.000000000000000000e+00
6.686400788882373991e-01 3.586701044083428491e-01 5.657512980829750848e-01 4.527330144976289827e-01 -5.977383661646998858e-01 -2.976566627871705117e-01 -3.020292293233683978e-01 5.942476001586246559e-01 -1.374724680136161364e-02 5.148471050895691431e-02 -1.866861952911647417e-03 1.401895962348468083e-01 3.638145217639398576e-01 -2.418281405277669383e-01 3.849999064910653579e-01 1.122243153365842516e-01 3.642457425823341088e-01 -3.846675245530106202e-01 2.227327069132935822e-01 6.205155926479336559e-01 0.000000000000000000e+00 0.000000000000000000e+00
4.520092807428558457e-01 6.336167692291053699e-01 -5.141725594848164382e-01 5.541648747369745109e-01 4.216794038732705752e-01 5.486521903908798681e-01 3.472333635530777673e-01 1.207288603791234621e-01 -3.545402246814628455e-01 1.034503067832849704e-01 -8.823327817123791106e-03 -2.836230813595199685e-01 -2.680239265187255859e-01 3.790967130345961056e-02 -6.926594183968715589e-03 -3.452553922801704922e-01 -2.414546076954164344e-01 -4.056791201925463719e-01 2.019751410071289333e-01 -1.975050208921778627e-01 6.788784724140816129e-01 0.000000000000000000e+00
-5.856429707678585395e-01 6.418992363880704488e-01 4.937266165568315879e-01 3.742940564585662822e-01 -4.832240636529318567e-01 -1.926212444886171160e-01 1.694889976498092365e-01 -7.110948959950841308e-02 1.138522497607864642e-01 3.861731903398473581e-02 -4.417445668975638617e-01 -3.366389593705103045e-01 -2.319658547367806425e-02 -9.170994237675039740e-02 2.239932208798895916e-02 3.498960292830799457e-01 1.192514587064741616e-01 2.759212497763808836e-01 3.382624083880234611e-01 -2.592085157262742912e-01 3.140572312131770238e-01 6.152812307496421385e-01
