1.580793803742458259e+00 0.000000000000000000e+00 0.000000000000000000e+00 0.000000000000000000e+00 0.000000000000000000e+00 0.000000000000000000e+00 0.000000000000000000e+00 0.000000000000000000e+00 0.000000000000000000e+00 0.000000000000000000e+00 0.000000000000000000e+00 0.000000000000000000e+00 0.000000000000000000e+00 0.000000000000000000e+00
-7.529061998067829720e-01 1.367459000544269054e+00 0.000000000000000000e+00 0.000000000000000000e+00 0.000000000000000000e+00 0.000000000000000000e+00 0.000000000000000000e+00 0.000000000000000000e+00 0.000000000000000000e+00 0.000000000000000000e+00 0.000000000000000000e+00 0.000000000000000000e+00 0.000000000000000000e+00 0.000000000000000000e+00
-6.027608027104476296e-01 3.576040197887376260e-01 1.212523922356459893e+00 0.000000000000000000e+00 0.000000000000000000e+00 0.000000000000000000e+00 0.000000000000000000e+00 0.000000000000000000e+00 0.000000000000000000e+00 0.000000000000000000e+00 0.000000000000000000e+00 0.000000000000000000e+00 0.000000000000000000e+00 0.000000000000000000e+00
-6.772650770098037620e-01 5.204364050968695032e-01 -5.089106294330706382e-01 1.277764036419583471e+00 0.000000000000000000e+00 0.000000000000000000e+00 0.000000000000000000e+00 0.000000000000000000e+00 0.000000000000000000e+00 0.000000000000000000e+00 0.000000000000000000e+00 0.000000000000000000e+00 0.000000000000000000e+00 0.000000000000000000e+00
3.795932985207775556e-01 -6.787866825056482201e-01 3.863524061554572953e-01 -1.723230685051562738e-01 1.333596339884716819e+00 0.000000000000000000e+00 0.000000000000000000e+00 0.000000000000000000e+00 0.000000000000000000e+00 0.000000000000000000e+00 0.000000000000000000e+00 0.000000000000000000e+00 0.000000000000000000e+00 0.000000000000000000e+00
7.646854337728400397e-01 -7.741846353262146242e-03 3.830474344426200162e-01 -3.794675953997434514e-01 5.313718819439184893e-01 1.123305003665574286e+00 0.000000000000000000e+00 0.000000000000000000e+00 0.000000000000000000e+00 0.000000000000000000e+00 0.000000000000000000e+00 0.000000000000000000e+00 0.000000000000000000e+00 0.000000000000000000e+00
-6.045698542966718714e-01 -3.489987211991213978e-01 6.040794007880899708e-01 7.344965035634494488e-02 -1.999051997677594728e-01 3.070812986228180774e-01 9.956468332510469699e-01 0.000000000000000000e+00 0.000000000000000000e+00 0.000000000000000000e+00 0.000000000000000000e+00 0.000000000000000000e+00 0.000000000000000000e+00 0.000000000000000000e+00
-7.799354269701489484e-01 -6.668473546440722988e-01 -2.115649531662159855e-01 4.321370557551976743e-01 5.230029903336658181e-01 -3.957721131525353958e-02 4.769950047137488380e-01 8.866949355427098389e-01 0.000000000000000000e+00 0.000000000000000000e+00 0.000000000000000000e+00 0.000000000000000000e+00 0.000000000000000000e+00 0.000000000000000000e+00
4.410891925009903236e-01 -5.087388507638207491e-01 4.155192417864576604e-01 3.899588172887452076e-01 -6.164918998877617629e-01 5.006943192384830654e-01 -4.318493377853802051e-01 -2.112567841041790850e-01 9.415955316452923052e-01 0.000000000000000000e+00 0.000000000000000000e+00 0.000000000000000000e+00 0.000000000000000000e+00 0.000000000000000000e+00
-4.528316591186670181e-01 5.206003956657015985e-01 -4.125399347652013438e-01 -3.815401676701745126e-01 6.317088918407106624e-01 -4.921488690631814489e-01 4.213463638877115169e-01 2.038970072617351248e-01 8.437473385706946438e-02 9.661386096987389926e-01 0.000000000000000000e+00 0.000000000000000000e+00 0.000000000000000000e+00 0.000000000000000000e+00
6.937115544635461539e-01 -1.866406039415512697e-01 -4.253811595736801121e-01 -5.752114814413410437e-01 6.010194299223029502e-01 2.819141326153100646e-01 -3.180699972785673291e-01 1.715494794492154751e-01 4.113698088180584023e-01 -4.497350447488990266e-01 8.067629781198965011e-01 0.000000000000000000e+00 0.000000000000000000e+00 0.000000000000000000e+00
-5.929378367464118726e-01 3.147713649416950532e-01 4.142070948435682132e-01 -3.751579346613270194e-01 -5.769153009143069832e-01 4.013799154723141083e-01 2.741470152362681656e-01 1.338747057329111312e-01 4.923584331644937501e-02 -8.249291106893426317e-02 -3.866095516801754117e-01 6.889386866776984197e-01 0.000000000000000000e+00 0.000000000000000000e+00
-6.038205429645310263e-01 -3.361426839549339629e-01 6.046142490789316870e-01 9.368865430224393442e-02 5.703458388236053445e-01 -3.370830407455233102e-02 2.538119007636204238e-01 -4.729959453269742126e-02 3.095907051537245547e-01 -3.639874737806259586e-01 1.648540876934977695e-01 -2.717828608176931504e-01 6.345160372626746925e-01 0.000000000000000000e+00
-5.858478506493889348e-01 3.526264222203275289e-01 -4.234440496920687802e-01 1.561247171726630190e-01 5.298136316171948579e-01 3.618896758785718482e-01 -2.027069882672615647e-02 4.104876689198522777e-01 -1.630458753406579253e-01 2.063632512953524067e-01 1.165875496610482842e-01 -2.016237376501201495e-01 -3.126999330229046081e-01 7.037118887568248882e-01
