1.419846697938884628e+00 0.000000000000000000e+00 0.000000000000000000e+00 0.000000000000000000e+00 0.000000000000000000e+00 0.000000000000000000e+00 0.000000000000000000e+00 0.000000000000000000e+00 0.000000000000000000e+00 0.000000000000000000e+00 0.000000000000000000e+00 0.000000000000000000e+00 0.000000000000000000e+00 0.000000000000000000e+00 0.000000000000000000e+00 0.000000000000000000e+00
3.809803607552250115e-01 1.335982000813037862e+00 0.000000000000000000e+00 0.000000000000000000e+00 0.000000000000000000e+00 0.000000000000000000e+00 0.000000000000000000e+00 0.000000000000000000e+00 0.000000000000000000e+00 0.000000000000000000e+00 0.000000000000000000e+00 0.000000000000000000e+00 0.000000000000000000e+00 0.000000000000000000e+00 0.000000000000000000e+00 0.000000000000000000e+00
-5.056988742779822132e-01 3.367289865582509534e-01 1.261855537768831637e+00 0.000000000000000000e+00 0.000000000000000000e+00 0.000000000000000000e+00 0.000000000000000000e+00 0.000000000000000000e+00 0.000000000000000000e+00 0.000000000000000000e+00 0.000000000000000000e+00 0.000000000000000000e+00 0.000000000000000000e+00 0.000000000000000000e+00 0.000000000000000000e+00 0.000000000000000000e+00
2.022496858062983738e-01 -6.022058044637574291e-03 2.010556214126224539e-01 1.401909992038504749e+00 0.000000000000000000e+00 0.000000000000000000e+00 0.000000000000000000e+00 0.000000000000000000e+00 0.000000000000000000e+00 0.000000000000000000e+00 0.000000000000000000e+00 0.000000000000000000e+00 0.000000000000000000e+00 0.000000000000000000e+00 0.000000000000000000e+00 0.000000000000000000e+00
2.054881155943925897e-01 -6.028365634056651601e-01 -1.088676862656807742e-01 5.937221642192153093e-01 1.315179409877115235e+00 0.000000000000000000e+00 0.000000000000000000e+00 0.000000000000000000e+00 0.000000000000000000e+00 0.000000000000000000e+00 0.000000000000000000e+00 0.000000000000000000e+00 0.000000000000000000e+00 0.000000000000000000e+00 0.000000000000000000e+00 0.000000000000000000e+00
3.307909198035520748e-01 5.419299814958979944e-01 -2.006970112838344367e-01 -1.203128186108318731e-01 1.144607561018155806e-01 1.254677722362830705e+00 0.000000000000000000e+00 0.000000000000000000e+00 0.000000000000000000e+00 0.000000000000000000e+00 0.000000000000000000e+00 0.000000000000000000e+00 0.000000000000000000e+00 0.000000000000000000e+00 0.000000000000000000e+00 0.000000000000000000e+00
4.250429894838868572e-01 -2.782897708616819399e-01 5.709645618957754909e-01 4.489802742780674150e-01 -6.483969990831276453e-01 4.573892825854384281e-01 1.099586096120501733e+00 0.000000000000000000e+00 0.000000000000000000e+00 0.000000000000000000e+00 0.000000000000000000e+00 0.000000000000000000e+00 0.000000000000000000e+00 0.000000000000000000e+00 0.000000000000000000e+00 0.000000000000000000e+00
3.445149187278537806e-01 -5.714680367468454314e-01 4.139755136623127219e-01 6.489465571116903586e-01 4.669440918926272555e-01 4.228394418530039833e-01 -3.452628296835326127e-01 1.078913394660252489e+00 0.000000000000000000e+00 0.000000000000000000e+00 0.000000000000000000e+00 0.000000000000000000e+00 0.000000000000000000e+00 0.000000000000000000e+00 0.000000000000000000e+00 0.000000000000000000e+00
6.941147266746129363e-01 -5.366435228130774782e-01 4.074673580121887517e-01 4.967361051793033333e-01 -8.360837930382238048e-02 3.606064291342839789e-01 -4.613336221952440974e-02 -5.136669421309557615e-01 9.205243023279886527e-01 0.000000000000000000e+00 0.000000000000000000e+00 0.000000000000000000e+00 0.000000000000000000e+00 0.000000000000000000e+00 0.000000000000000000e+00 0.000000000000000000e+00
1.398551747116912047e-01 -4.188185666440146782e-01 -4.047979679728596625e-01 -2.885529466327771964e-01 -3.001619216857667194e-01 6.219550620016767173e-01 -2.646763251208483422e-02 4.523656494426184782e-01 4.470954798455867296e-01 9.934817534282414098e-01 0.000000000000000000e+00 0.000000000000000000e+00 0.000000000000000000e+00 0.000000000000000000e+00 0.000000000000000000e+00 0.000000000000000000e+00
-5.085300424778559369e-01 -2.997493807284248857e-01 -1.184625933684153032e-01 -5.369394757418645137e-01 2.753490102150444319e-01 -2.885932631844895235e-01 5.040179386747811741e-01 -4.379904735059647058e-01 -4.274554670411340740e-01 -3.465795230209631761e-01 8.632822945651373869e-01 0.000000000000000000e+00 0.000000000000000000e+00 0.000000000000000000e+00 0.000000000000000000e+00 0.000000000000000000e+00
-3.616415368034565647e-01 -3.138717638395823739e-01 -4.042402192874515188e-01 -5.128825557561808024e-01 -2.485407306581432219e-01 -2.566511186031420477e-01 -4.595156909692780789e-01 -5.358760232886090602e-01 1.744857729401194102e-01 2.726538809537270014e-01 3.436147707045301147e-01 8.034360379368548077e-01 0.000000000000000000e+00 0.000000000000000000e+00 0.000000000000000000e+00 0.000000000000000000e+00
-6.809969248901004413e-01 5.676193647542496917e-02 -4.583187879061289549e-01 6.691681911928072379e-01 1.339467602839979343e-01 3.529304464674632991e-01 2.901878456568119866e-02 -9.257548066224313699e-02 4.449133092545729529e-01 4.020181479423364790e-01 3.043286883654894304e-01 -3.445847117000160331e-01 8.532938963847063185e-01 0.000000000000000000e+00 0.000000000000000000e+00 0.000000000000000000e+00
-6.668014086909253013e-01 -5.823134942314333040e-01 2.454770202710789273e-01 -7.323337567252707903e-02 1.508455020805820335e-01 4.374405922005032976e-01 -5.470951377162932561e-01 -2.273874609997844909e-01 1.554545412109794300e-01 -3.052754243774437048e-01 -3.732305865427063551e-01 -2.615634946465111854e-01 -3.506331285105735440e-01 7.251439960585271960e-01 0.000000000000000000e+00 0.000000000000000000e+00
-6.530059169922931561e-01 6.121671043878736118e-02 -4.901051377966654243e-01 -2.627230502797777145e-01 6.506003367034665086e-01 4.155312276110302849e-01 2.072185602494945947e-02 -4.003765672234805839e-01 -6.951376722576646516e-02 -2.566862776475236085e-01 3.139178841444837942e-01 2.898476640268158322e-01 -2.914372588003189546e-01 -3.531195298246644354e-01 5.858029791730233748e-01 0.000000000000000000e+00
1.607941974175636571e-02 -5.215969457864300107e-01 4.382698057815895831e-01 -5.821054631300386362e-01 5.902971582494045411e-01 4.187418906830229770e-01 -1.982142021506599905e-01 -1.970188779529077200e-02 3.129985030477203112e-02 -4.384562172451447748e-01 1.246769828503564853e-01 3.371827546666271713e-01 3.271570393063134574e-01 -6.499665102541918316e-02 -2.748610762277642894e-01 6.620966480388604802e-01
