1.698627788858949827e+00 0.000000000000000000e+00 0.000000000000000000e+00 0.000000000000000000e+00 0.000000000000000000e+00 0.000000000000000000e+00 0.000000000000000000e+00 0.000000000000000000e+00 0.000000000000000000e+00 0.000000000000000000e+00 0.000000000000000000e+00 0.000000000000000000e+00 0.000000000000000000e+00 0.000000000000000000e+00 0.000000000000000000e+00 0.000000000000000000e+00 0.000000000000000000e+00 0.000000000000000000e+00 0.000000000000000000e+00 0.000000000000000000e+00 0.000000000000000000e+00 0.000000000000000000e+00 0.000000000000000000e+00
-2.773717859643933248e-01 1.719581004116463641e+00 0.000000000000000000e+00 0.000000000000000000e+00 0.000000000000000000e+00 0.000000000000000000e+00 0.000000000000000000e+00 0.000000000000000000e+00 0.000000000000000000e+00 0.000000000000000000e+00 0.000000000000000000e+00 0.000000000000000000e+00 0.000000000000000000e+00 0.000000000000000000e+00 0.000000000000000000e+00 0.000000000000000000e+00 0.000000000000000000e+00 0.000000000000000000e+00 0.000000000000000000e+00 0.000000000000000000e+00 0.000000000000000000e+00 0.000000000000000000e+00 0.000000000000000000e+00
-6.787825380643635054e-01 -1.390125630287507574e-01 1.651030294637105378e+00 0.000000000000000000e+00 0.000000000000000000e+00 0.000000000000000000e+00 0.000000000000000000e+00 0.000000000000000000e+00 0.000000000000000000e+00 0.000000000000000000e+00 0.000000000000000000e+00 0.000000000000000000e+00 0.000000000000000000e+00 0.000000000000000000e+00 0.000000000000000000e+00 0.000000000000000000e+00 0.000000000000000000e+00 0.000000000000000000e+00 0.000000000000000000e+00 0.000000000000000000e+00 0.000000000000000000e+00 0.000000000000000000e+00 0.000000000000000000e+00
-7.020208787103269232e-01 5.347408229971085253e-03 7.597912052472965971e-01 1.367990992342687173e+00 0.000000000000000000e+00 0.000000000000000000e+00 0.000000000000000000e+00 0.000000000000000000e+00 0.000000000000000000e+00 0.000000000000000000e+00 0.000000000000000000e+00 0.000000000000000000e+00 0.000000000000000000e+00 0.000000000000000000e+00 0.000000000000000000e+00 0.000000000000000000e+00 0.000000000000000000e+00 0.000000000000000000e+00 0.000000000000000000e+00 0.000000000000000000e+00 0.000000000000000000e+00 0.000000000000000000e+00 0.000000000000000000e+00
6.045018941270035029e-01 -1.080930903497409751e-01 -3.901008402163342326e-01 -1.305548137957229793e-01 1.465164697742316280e+00 0.000000000000000000e+00 0.000000000000000000e+00 0.000000000000000000e+00 0.000000000000000000e+00 0.000000000000000000e+00 0.000000000000000000e+00 0.000000000000000000e+00 0.000000000000000000e+00 0.000000000000000000e+00 0.000000000000000000e+00 0.000000000000000000e+00 0.000000000000000000e+00 0.000000000000000000e+00 0.000000000000000000e+00 0.000000000000000000e+00 0.000000000000000000e+00 0.000000000000000000e+00 0.000000000000000000e+00
7.954210147254349161e-01 -6.103679102251035049e-01 -3.997248548509413912e-01 -8.861992879526453537e-02 -6.482512882460385040e-01 1.495404431301288195e+00 0.000000000000000000e+00 0.000000000000000000e+00 0.000000000000000000e+00 0.000000000000000000e+00 0.000000000000000000e+00 0.000000000000000000e+00 0.000000000000000000e+00 0.000000000000000000e+00 0.000000000000000000e+00 0.000000000000000000e+00 0.000000000000000000e+00 0.000000000000000000e+00 0.000000000000000000e+00 0.000000000000000000e+00 0.000000000000000000e+00 0.000000000000000000e+00 0.000000000000000000e+00
-1.251839594686907364e-01 -4.016792909982366822e-02 -2.908487346185056333e-01 -6.390048142937870823e-01 7.103065382284675655e-01 1.861027751060057023e-01 1.440056822962833660e+00 0.000000000000000000e+00 0.000000000000000000e+00 0.000000000000000000e+00 0.000000000000000000e+00 0.000000000000000000e+00 0.000000000000000000e+00 0.000000000000000000e+00 0.000000000000000000e+00 0.000000000000000000e+00 0.000000000000000000e+00 0.000000000000000000e+00 0.000000000000000000e+00 0.000000000000000000e+00 0.000000000000000000e+00 0.000000000000000000e+00 0.000000000000000000e+00
1.202018138860206503e-01 -1.549601431776649330e-01 -1.438608366721922938e-01 -4.200477324811387470e-01 -3.237011541577206608e-01 1.983637252260800343e-01 7.018081655308985312e-01 1.352961041735434522e+00 0.000000000000000000e+00 0.000000000000000000e+00 0.000000000000000000e+00 0.000000000000000000e+00 0.000000000000000000e+00 0.000000000000000000e+00 0.000000000000000000e+00 0.000000000000000000e+00 0.000000000000000000e+00 0.000000000000000000e+00 0.000000000000000000e+00 0.000000000000000000e+00 0.000000000000000000e+00 0.000000000000000000e+00 0.000000000000000000e+00
3.268548225659389517e-01 -7.411122770943121552e-01 -7.089531195560558885e-01 1.105694437606399294e-01 4.636642516459121288e-01 -4.822603765325396696e-01 -1.190288442149820165e-02 6.405547513849961794e-01 1.047895213548530435e+00 0.000000000000000000e+00 0.000000000000000000e+00 0.000000000000000000e+00 0.000000000000000000e+00 0.000000000000000000e+00 0.000000000000000000e+00 0.000000000000000000e+00 0.000000000000000000e+00 0.000000000000000000e+00 0.000000000000000000e+00 0.000000000000000000e+00 0.000000000000000000e+00 0.000000000000000000e+00 0.000000000000000000e+00
4.640817769569354212e-01 -4.435876018684290628e-02 -6.185081659266458143e-01 6.578039373203402596e-01 -2.946871208576683498e-01 2.383714698655577113e-01 -2.469296287257186640e-01 3.053592916605664120e-01 4.521735253525040465e-01 1.152143986726374081e+00 0.000000000000000000e+00 0.000000000000000000e+00 0.000000000000000000e+00 0.000000000000000000e+00 0.000000000000000000e+00 0.000000000000000000e+00 0.000000000000000000e+00 0.000000000000000000e+00 0.000000000000000000e+00 0.000000000000000000e+00 0.000000000000000000e+00 0.000000000000000000e+00 0.000000000000000000e+00
7.573632777271458449e-01 3.783115070236207911e-02 -3.161566600999975440e-01 4.351844972065068706e-01 -3.102778516141383447e-01 9.643301540185721110e-02 -5.265985095705703056e-01 5.047482473627271649e-01 -4.703300686339744741e-01 2.703156051186292319e-01 1.170644738055668155e+00 0.000000000000000000e+00 0.000000000000000000e+00 0.000000000000000000e+00 0.000000000000000000e+00 0.000000000000000000e+00 0.000000000000000000e+00 0.000000000000000000e+00 0.000000000000000000e+00 0.000000000000000000e+00 0.000000000000000000e+00 0.000000000000000000e+00 0.000000000000000000e+00
-2.408553266320130892e-01 4.034807325932658340e-01 7.108645027550924977e-01 -3.052289578766203548e-01 -4.444386602355469146e-02 -6.020755321937834026e-01 2.525918656170150212e-01 3.249862107088881125e-01 1.146058975757576620e-01 -4.938254531641779188e-01 -3.460929055006734534e-01 1.018427874806429489e+00 0.000000000000000000e+00 0.000000000000000000e+00 0.000000000000000000e+00 0.000000000000000000e+00 0.000000000000000000e+00 0.000000000000000000e+00 0.000000000000000000e+00 0.000000000000000000e+00 0.000000000000000000e+00 0.000000000000000000e+00 0.000000000000000000e+00
2.100259360919867202e-01 -4.032614203011631870e-01 2.929637969558720467e-01 6.532975806245739925e-01 -2.101847989951027840e-01 2.986261826927324448e-01 4.966364487956517193e-01 -6.532023691101461749e-01 2.356063673283761983e-01 -4.623777301511801108e-01 4.636947921871516498e-01 2.639638256847705033e-01 9.459817197195257155e-01 0.000000000000000000e+00 0.000000000000000000e+00 0.000000000000000000e+00 0.000000000000000000e+00 0.000000000000000000e+00 0.000000000000000000e+00 0.000000000000000000e+00 0.000000000000000000e+00 0.000000000000000000e+00 0.000000000000000000e+00
-8.460441957939565660e-02 4.177391406401925189e-01 2.480057170389966259e-01 6.172699522597555610e-01 5.900856063256864070e-01 -7.295574855944000348e-01 1.818595917937253781e-01 3.542451274894767299e-01 -2.797493298348469604e-01 3.840044960482081882e-01 -2.475161572879412686e-01 5.033987756066296004e-01 4.132998884880666468e-01 9.761510115375624519e-01 0.000000000000000000e+00 0.000000000000000000e+00 0.000000000000000000e+00 0.000000000000000000e+00 0.000000000000000000e+00 0.000000000000000000e+00 0.000000000000000000e+00 0.000000000000000000e+00 0.000000000000000000e+00
2.482716123932150187e-01 -6.539284350349243713e-01 6.349831133719913145e-01 3.735228054974939482e-01 -6.937036702564833845e-01 6.461574250973792788e-01 7.035315469409423317e-01 2.688929095075469622e-01 -4.762644297651754122e-01 4.714788581538381651e-01 3.268734503224728916e-01 -1.690001856295018090e-01 2.133152111490771996e-01 -2.408001727264830472e-01 8.765411263163096489e-01 0.000000000000000000e+00 0.000000000000000000e+00 0.000000000000000000e+00 0.000000000000000000e+00 0.000000000000000000e+00 0.000000000000000000e+00 0.000000000000000000e+00 0.000000000000000000e+00
5.932465945167393340e-01 3.115292325351494696e-01 6.892715882650697345e-01 7.399570528041128636e-02 6.283589470401779176e-01 -5.201365030587670191e-01 2.996578784858963118e-01 4.850321151512270723e-01 7.374742877214943149e-02 2.917509510872454137e-01 4.691675781098852416e-01 4.050842718602311598e-01 3.092736167906632305e-01 -8.234259124760193171e-02 4.331548303373999875e-01 7.205250733464062529e-01 0.000000000000000000e+00 0.000000000000000000e+00 0.000000000000000000e+00 0.000000000000000000e+00 0.000000000000000000e+00 0.000000000000000000e+00 0.000000000000000000e+00
5.855108427444259966e-01 7.329094821798738391e-01 -5.664973539810838621e-02 1.121986773541965854e-01 6.764424253568324108e-01 6.243932395678273295e-01 4.325701477438878562e-01 7.655900813931376669e-02 2.696533008273155341e-01 3.343052384590348147e-01 -1.961613593841821379e-01 -2.622513163554955340e-01 -2.247548002763533614e-01 -1.467021137918638751e-01 -4.270230139397296343e-01 2.562371750629283684e-01 6.924437677857113727e-01 0.000000000000000000e+00 0.000000000000000000e+00 0.000000000000000000e+00 0.000000000000000000e+00 0.000000000000000000e+00 0.000000000000000000e+00
8.263203810532774307e-01 -1.475623052388563491e-02 -6.279625368706861499e-01 -5.109865389898962107e-01 6.007016904102115973e-01 2.776377918758633490e-01 4.980520445229757454e-01 -4.606163682223220895e-02 -3.192028423959683558e-01 4.854923847452988772e-01 -4.379570707461852841e-01 -1.618303613116627362e-02 2.935433827074454549e-01 3.046450302438362123e-01 7.832286718343965670e-02 1.815100622375536155e-01 3.400584877209052448e-01 6.638390545161828582e-01 0.000000000000000000e+00 0.000000000000000000e+00 0.000000000000000000e+00 0.000000000000000000e+00 0.000000000000000000e+00
6.259835493545863327e-01 -4.576939217630409118e-01 -9.672858846329204785e-02 -4.156767464528894340e-01 -6.479533965857177391e-02 4.231962666422873776e-01 6.987574680814954142e-01 1.087278876352760631e-01 4.729306372776714840e-02 4.479300726800571897e-01 -4.288209182250900947e-02 4.649314728109084083e-01 2.686783241597466287e-01 -4.771440705288640949e-01 6.572889306180193514e-02 2.487229203487699436e-01 2.069964700097022547e-01 2.307522451972438549e-01 6.344672706128403616e-01 0.000000000000000000e+00 0.000000000000000000e+00 0.000000000000000000e+00 0.000000000000000000e+00
2.979952764800155030e-01 -1.080474973735267158e-01 2.340153120709926454e-02 3.506443254002639676e-01 -7.186941064016749703e-01 5.860487903813703658e-01 -5.157109446342034165e-01 -4.657112134276774063e-01 3.725001900756266804e-01 -3.239445563845980147e-01 5.809967951484031889e-01 2.476964343842538163e-01 -1.279704730995824546e-01 -4.433892630071221141e-01 4.211752393082837664e-01 1.960175691884881721e-01 5.789025410079406964e-02 -2.305201782353439866e-01 1.838592952933726654e-01 6.523913891188056757e-01 0.000000000000000000e+00 0.000000000000000000e+00 0.000000000000000000e+00
-3.050865713254011791e-01 -4.527310799548006082e-01 -1.567245539473377802e-01 5.606779939821139314e-01 -7.320845160603088875e-01 -2.618943835521455044e-01 5.891044345934770554e-01 -7.219279014825039087e-03 6.034152034496347711e-02 4.616819422054450617e-01 1.818635870629944362e-01 4.165020508571680158e-01 3.840620712320705343e-02 6.273213602457573812e-02 3.455117913403408236e-01 -5.319168588911757367e-02 1.863347532653101823e-01 1.097142905966876358e-01 2.157312006551447281e-01 -2.712362828553347427e-01 6.521030039167143855e-01 0.000000000000000000e+00 0.000000000000000000e+00
-7.987514786858417315e-01 -5.322924269515917350e-01 -4.444646322512826320e-01 3.761653609881962512e-01 2.295579898275313113e-01 7.102972776643398101e-01 -3.241356199383976233e-01 6.173614211798058582e-01 1.155913720978740122e-01 -4.923990970435425107e-01 4.094580959435762391e-01 -5.006730270768355862e-01 -4.443968409461975660e-02 4.077188084613410091e-01 -1.078014326347654095e-01 1.247959633788829764e-01 1.680849116724992265e-01 -1.264304974383378966e-01 1.629876238487951157e-01 2.856805213331338744e-01 1.718974334504093371e-01 6.266171741669812612e-01 0.000000000000000000e+00
6.486206311805362557e-01 4.570091219977869823e-01 -1.460845623754945255e-01 -2.646372781166356769e-01 -3.634182186184528041e-01 -4.790819757973628357e-01 2.070919396217112407e-01 6.664485140903604610e-02 -8.970133216503574369e-02 5.490894028687307582e-01 4.793885599256912378e-01 2.315315856874907430e-01 -4.192938663493276374e-01 3.641122635703147314e-01 2.456703902731801475e-02 -3.220747066568831474e-01 -1.150240228277218252e-01 -2.820002663150316669e-01 5.331044308086956007e-02 -2.227316802582055000e-01 2.064645865257627722e-01 1.999523328125744903e-01 5.440595693978838021e-01
