1.600972028785021317e+00 0.000000000000000000e+00 0.000000000000000000e+00 0.000000000000000000e+00 0.000000000000000000e+00 0.000000000000000000e+00 0.000000000000000000e+00 0.000000000000000000e+00 0.000000000000000000e+00 0.000000000000000000e+00 0.000000000000000000e+00 0.000000000000000000e+00 0.000000000000000000e+00 0.000000000000000000e+00 0.000000000000000000e+00 0.000000000000000000e+00
7.649735298813864492e-01 1.382184678817696355e+00 0.000000000000000000e+00 0.000000000000000000e+00 0.000000000000000000e+00 0.000000000000000000e+00 0.000000000000000000e+00 0.000000000000000000e+00 0.000000000000000000e+00 0.000000000000000000e+00 0.000000000000000000e+00 0.000000000000000000e+00 0.000000000000000000e+00 0.000000000000000000e+00 0.000000000000000000e+00 0.000000000000000000e+00
-7.580940167013761055e-01 -2.947415317360191911e-01 1.504297541427300100e+00 0.000000000000000000e+00 0.000000000000000000e+00 0.000000000000000000e+00 0.000000000000000000e+00 0.000000000000000000e+00 0.000000000000000000e+00 0.000000000000000000e+00 0.000000000000000000e+00 0.000000000000000000e+00 0.000000000000000000e+00 0.000000000000000000e+00 0.000000000000000000e+00 0.000000000000000000e+00
6.191966813911408130e-01 -2.482382000699391925e-02 -2.748253134290615241e-01 1.377946178344539474e+00 0.000000000000000000e+00 0.000000000000000000e+00 0.000000000000000000e+00 0.000000000000000000e+00 0.000000000000000000e+00 0.000000000000000000e+00 0.000000000000000000e+00 0.000000000000000000e+00 0.000000000000000000e+00 0.000000000000000000e+00 0.000000000000000000e+00 0.000000000000000000e+00
-7.746791039732983108e-01 -1.249554031231888268e-01 -5.567028307692331035e-01 4.402663377735582806e-01 1.211110005069102380e+00 0.000000000000000000e+00 0.000000000000000000e+00 0.000000000000000000e+00 0.000000000000000000e+00 0.000000000000000000e+00 0.000000000000000000e+00 0.000000000000000000e+00 0.000000000000000000e+00 0.000000000000000000e+00 0.000000000000000000e+00 0.000000000000000000e+00
-6.073898112144783257e-01 -3.374692983883994524e-01 1.903420481127823527e-01 -4.612599969695652669e-01 5.851962995811671453e-01 1.166439685744568022e+00 0.000000000000000000e+00 0.000000000000000000e+00 0.000000000000000000e+00 0.000000000000000000e+00 0.000000000000000000e+00 0.000000000000000000e+00 0.000000000000000000e+00 0.000000000000000000e+00 0.000000000000000000e+00 0.000000000000000000e+00
3.496183557215861715e-01 5.752260480538893272e-01 4.576732109066998233e-01 4.029498923964773827e-01 3.141106375914256565e-01 5.322532297959293723e-01 9.608399069960109617e-01 0.000000000000000000e+00 0.000000000000000000e+00 0.000000000000000000e+00 0.000000000000000000e+00 0.000000000000000000e+00 0.000000000000000000e+00 0.000000000000000000e+00 0.000000000000000000e+00 0.000000000000000000e+00
3.527315171706886798e-01 -6.166751622909270036e-01 3.002468394930143947e-01 4.504591789644835642e-01 -4.722014769969304915e-01 -2.936880235510980763e-01 -4.331839593154888091e-01 9.756585263148329634e-01 0.000000000000000000e+00 0.000000000000000000e+00 0.000000000000000000e+00 0.000000000000000000e+00 0.000000000000000000e+00 0.000000000000000000e+00 0.000000000000000000e+00 0.000000000000000000e+00
-4.471700953859265026e-01 -6.773232195395733068e-01 7.029763268263092835e-01 -2.199496734352320015e-01 -5.593603195272423001e-01 5.623490094479636214e-01 2.042737056302470489e-01 1.885368418348124797e-01 9.562558447812686824e-01 0.000000000000000000e+00 0.000000000000000000e+00 0.000000000000000000e+00 0.000000000000000000e+00 0.000000000000000000e+00 0.000000000000000000e+00 0.000000000000000000e+00
-4.993121298093002314e-01 -5.515678357136405419e-01 7.500282428508202592e-01 3.861519490637565499e-01 1.975902884921174885e-01 -2.397927505123840022e-02 -1.677259558221144142e-01 4.808805794243801723e-01 2.951157843171050565e-01 9.466763959912040116e-01 0.000000000000000000e+00 0.000000000000000000e+00 0.000000000000000000e+00 0.000000000000000000e+00 0.000000000000000000e+00 0.000000000000000000e+00
-2.924026140679955588e-01 -4.432732928156670749e-01 7.242267847948773429e-01 5.408118235259787854e-01 1.466337505202081337e-01 5.774788399686245910e-01 -2.123052170197816946e-01 -3.552848689814074867e-01 -4.596868859183957934e-01 2.583434727164625744e-01 9.667010122873407330e-01 0.000000000000000000e+00 0.000000000000000000e+00 0.000000000000000000e+00 0.000000000000000000e+00 0.000000000000000000e+00
6.619741254384136075e-01 -2.019029959399200602e-01 5.056439478445214908e-01 2.832229173009133127e-01 4.159055354895025425e-01 -3.655044022014217742e-01 9.305436236478303869e-02 4.407744684329786278e-01 -4.452099736221599158e-01 9.418678136477943996e-02 -4.490863313865931516e-01 7.885654595957891644e-01 0.000000000000000000e+00 0.000000000000000000e+00 0.000000000000000000e+00 0.000000000000000000e+00
3.757668299788978830e-03 -2.409976641369137584e-01 -7.415422614847709815e-01 6.688870202897108097e-01 -1.970542977432174492e-01 -1.905655942036596842e-02 2.276075914402784783e-01 -2.729571809093734869e-01 4.463146792839076671e-01 1.304175723267173015e-02 -4.105099896530334802e-01 -1.332103327125521708e-01 7.413803416470655661e-01 0.000000000000000000e+00 0.000000000000000000e+00 0.000000000000000000e+00
-7.714665153168596134e-01 -5.865215275641083581e-01 6.726837095248603404e-01 -3.064454817756587235e-01 -4.084437927693624903e-01 4.392683370757510114e-02 -4.581285861971026024e-02 1.812664509653949818e-01 -3.784248532440041557e-01 4.479359993144587104e-01 -8.375107842120248225e-02 -3.652937114989282530e-01 2.915608360736205440e-01 7.391406299276778169e-01 0.000000000000000000e+00 0.000000000000000000e+00
-7.621798993414791168e-01 3.540236057350677479e-01 -3.526195331807118749e-01 1.352133635075593865e-01 8.750882596283809933e-02 -4.231448844430718559e-01 -2.992632603184011142e-01 -4.789509046247452106e-01 7.336162707743719424e-02 -2.189070739129936882e-01 3.439834919638860566e-01 7.604223418555573245e-03 3.575392640017235890e-01 1.956284968294146054e-01 7.294187243642972218e-01 0.000000000000000000e+00
7.142755251887284995e-01 -5.940106816486238062e-01 -7.478459563267333410e-01 -4.598540149599993354e-01 3.989030251746445987e-01 -1.559829436920134038e-01 1.551088530935473553e-01 2.548741269446958002e-01 -7.916765740247010477e-03 2.295314579605623462e-01 -2.039182178464115924e-01 1.574612799495570814e-01 -1.966460338328746560e-01 3.116110526688428140e-01 -3.594856512386718217e-01 5.968137226051923871e-01
