1.553213311237223282e+00 0.000000000000000000e+00 0.000000000000000000e+00 0.000000000000000000e+00 0.000000000000000000e+00 0.000000000000000000e+00 0.000000000000000000e+00 0.000000000000000000e+00 0.000000000000000000e+00 0.000000000000000000e+00 0.000000000000000000e+00 0.000000000000000000e+00 0.000000000000000000e+00 0.000000000000000000e+00 0.000000000000000000e+00 0.000000000000000000e+00 0.000000000000000000e+00
4.121335787619565538e-01 1.548220013184853139e+00 0.000000000000000000e+00 0.000000000000000000e+00 0.000000000000000000e+00 0.000000000000000000e+00 0.000000000000000000e+00 0.000000000000000000e+00 0.000000000000000000e+00 0.000000000000000000e+00 0.000000000000000000e+00 0.000000000000000000e+00 0.000000000000000000e+00 0.000000000000000000e+00 0.000000000000000000e+00 0.000000000000000000e+00 0.000000000000000000e+00
-6.649111398995910527e-01 6.832514049586899674e-01 1.348483288061794516e+00 0.000000000000000000e+00 0.000000000000000000e+00 0.000000000000000000e+00 0.000000000000000000e+00 0.000000000000000000e+00 0.000000000000000000e+00 0.000000000000000000e+00 0.000000000000000000e+00 0.000000000000000000e+00 0.000000000000000000e+00 0.000000000000000000e+00 0.000000000000000000e+00 0.000000000000000000e+00 0.000000000000000000e+00
-6.934768060016140989e-01 6.735443395241732523e-01 -4.010015959873839408e-01 1.234214433072833961e+00 0.000000000000000000e+00 0.000000000000000000e+00 0.000000000000000000e+00 0.000000000000000000e+00 0.000000000000000000e+00 0.000000000000000000e+00 0.000000000000000000e+00 0.000000000000000000e+00 0.000000000000000000e+00 0.000000000000000000e+00 0.000000000000000000e+00 0.000000000000000000e+00 0.000000000000000000e+00
7.234910484760856964e-01 5.447830179753788693e-01 3.436077586484634905e-01 5.532877027704570239e-01 1.207345569205891644e+00 0.000000000000000000e+00 0.000000000000000000e+00 0.000000000000000000e+00 0.000000000000000000e+00 0.000000000000000000e+00 0.000000000000000000e+00 0.000000000000000000e+00 0.000000000000000000e+00 0.000000000000000000e+00 0.000000000000000000e+00 0.000000000000000000e+00 0.000000000000000000e+00
-1.354320527223834281e-01 2.774960040641814008e-01 -1.687001461985333517e-01 -6.098125690441412727e-01 4.503746009638873726e-01 1.303281702661454933e+00 0.000000000000000000e+00 0.000000000000000000e+00 0.000000000000000000e+00 0.000000000000000000e+00 0.000000000000000000e+00 0.000000000000000000e+00 0.000000000000000000e+00 0.000000000000000000e+00 0.000000000000000000e+00 0.000000000000000000e+00 0.000000000000000000e+00
-7.017405270077213819e-01 -5.603180708467796478e-01 3.948015718166491550e-01 4.820457443650210116e-01 3.267668761074057349e-01 3.386261894859405874e-01 1.168131718103973204e+00 0.000000000000000000e+00 0.000000000000000000e+00 0.000000000000000000e+00 0.000000000000000000e+00 0.000000000000000000e+00 0.000000000000000000e+00 0.000000000000000000e+00 0.000000000000000000e+00 0.000000000000000000e+00 0.000000000000000000e+00
6.427775688692674017e-01 5.770951291042543119e-01 1.891660353982816400e-01 -2.776902132257617062e-01 8.280990515155209342e-02 4.311015303557135803e-01 -4.206269580420657350e-01 1.204623666927028491e+00 0.000000000000000000e+00 0.000000000000000000e+00 0.000000000000000000e+00 0.000000000000000000e+00 0.000000000000000000e+00 0.000000000000000000e+00 0.000000000000000000e+00 0.000000000000000000e+00 0.000000000000000000e+00
-1.248373297264269988e-01 -6.168137983671480029e-01 5.372242816354999562e-01 -2.743001872861760074e-02 5.917054448738732209e-01 3.256019861311691965e-01 1.180144220443853087e-01 -3.994269540836785648e-01 1.308498707704695230e+00 0.000000000000000000e+00 0.000000000000000000e+00 0.000000000000000000e+00 0.000000000000000000e+00 0.000000000000000000e+00 0.000000000000000000e+00 0.000000000000000000e+00 0.000000000000000000e+00
-3.650204990708142971e-01 -6.629844632420734962e-01 -1.653519444798145499e-01 2.811817612380089204e-01 5.476411540919353671e-01 2.548135292311507483e-01 -3.005926965576730669e-01 3.018871769668932670e-01 -6.082056334869863079e-01 1.025974995273092993e+00 0.000000000000000000e+00 0.000000000000000000e+00 0.000000000000000000e+00 0.000000000000000000e+00 0.000000000000000000e+00 0.000000000000000000e+00 0.000000000000000000e+00
-7.658519524825159186e-01 2.170407258807522388e-01 -6.639026586135011732e-01 3.376421634528796734e-01 4.318497671885264677e-01 3.439124282936443372e-02 -4.830837463567208556e-01 3.279675979115117546e-01 1.592263309751429101e-01 -5.105150106706544122e-01 8.032725276605967579e-01 0.000000000000000000e+00 0.000000000000000000e+00 0.000000000000000000e+00 0.000000000000000000e+00 0.000000000000000000e+00 0.000000000000000000e+00
-4.651587149890567541e-01 -6.992699859424815756e-01 1.584841882670914304e-01 2.853641113580167032e-01 -1.174632352886566672e-01 -4.203102994306907592e-01 -5.168636279539043921e-01 -5.743234791004148132e-01 -3.767133586542034673e-01 1.453230276546499389e-01 -3.439390615363689951e-01 8.760730618365538680e-01 0.000000000000000000e+00 0.000000000000000000e+00 0.000000000000000000e+00 0.000000000000000000e+00 0.000000000000000000e+00
6.919595740163875242e-01 6.133741437318780687e-02 5.006760286005460525e-01 -3.718029795232797308e-01 4.586027303811314182e-01 -1.305407230567184329e-01 -4.729621293943981342e-01 -7.962713340441687770e-02 5.874530748716275674e-01 2.752942811630488817e-01 -1.803801937976150238e-01 4.243479535787558210e-01 7.190760207843210905e-01 0.000000000000000000e+00 0.000000000000000000e+00 0.000000000000000000e+00 0.000000000000000000e+00
7.588502490958954905e-01 4.184720454230441700e-01 -3.673687854395187857e-01 2.414625339948484883e-01 3.108661351475341394e-01 1.546129725306426839e-01 -4.756438026386814455e-01 -4.658362743130948225e-01 4.036772346150987456e-01 4.509726254686886038e-01 -2.211985574295533830e-01 -3.412856589257081130e-01 3.446605961950129915e-01 5.722930387165972022e-01 0.000000000000000000e+00 0.000000000000000000e+00 0.000000000000000000e+00
-7.068472300187745860e-01 -1.686319380592622152e-01 -5.358763740239567142e-01 4.951690871411776884e-01 -4.684142905519997346e-01 5.972704992158927029e-01 -3.122338317058686585e-01 -3.079456839501483745e-01 -5.420465801170996217e-02 2.936784797735771946e-01 2.748640941992765985e-01 -1.099840322061838294e-01 -1.370221708685225893e-02 2.661964720006135821e-01 6.545302199878823002e-01 0.000000000000000000e+00 0.000000000000000000e+00
-6.519542479227693477e-01 3.448215962243772470e-01 -6.257416380509192022e-01 -3.606065934482550195e-01 -3.437880968512569968e-01 2.761363195389309189e-01 4.741295020088813761e-01 -5.936418415550290817e-01 -1.157567834639892101e-01 -4.102392851670718099e-01 2.829098939678220681e-01 -1.342671045654742065e-03 5.812930468891094882e-02 -1.284898424848168741e-01 3.150069028364628210e-01 7.192637388257789866e-01 0.000000000000000000e+00
-5.998362900900554573e-01 -5.026611309786601506e-02 6.197296293782196264e-01 2.099611030006869328e-01 -5.837829112431968115e-01 -1.115339447118019051e-01 3.749707598710017575e-01 -4.270667050374279961e-01 3.092857621522774880e-01 -3.124788969958894880e-01 -2.343394534021767811e-02 2.823913535652616824e-01 3.083911148823837989e-01 -2.468226555764076457e-01 4.512981790748255007e-02 -3.522261016961512059e-01 6.165417306990220725e-01
