1.553941928282949192e+00 0.000000000000000000e+00 0.000000000000000000e+00 0.000000000000000000e+00 0.000000000000000000e+00 0.000000000000000000e+00 0.000000000000000000e+00 0.000000000000000000e+00 0.000000000000000000e+00 0.000000000000000000e+00 0.000000000000000000e+00 0.000000000000000000e+00
-6.570878547057705799e-01 1.255227681695295416e+00 0.000000000000000000e+00 0.000000000000000000e+00 0.000000000000000000e+00 0.000000000000000000e+00 0.000000000000000000e+00 0.000000000000000000e+00 0.000000000000000000e+00 0.000000000000000000e+00 0.000000000000000000e+00 0.000000000000000000e+00
6.684265472639814298e-01 -4.530136177059609359e-01 1.166905825447767997e+00 0.000000000000000000e+00 0.000000000000000000e+00 0.000000000000000000e+00 0.000000000000000000e+00 0.000000000000000000e+00 0.000000000000000000e+00 0.000000000000000000e+00 0.000000000000000000e+00 0.000000000000000000e+00
6.093724297422298264e-01 -4.854646737892936992e-01 -5.303729371222600797e-01 1.058299962586525700e+00 0.000000000000000000e+00 0.000000000000000000e+00 0.000000000000000000e+00 0.000000000000000000e+00 0.000000000000000000e+00 0.000000000000000000e+00 0.000000000000000000e+00 0.000000000000000000e+00
7.056925535065724508e-01 -4.432412711316460752e-01 3.265971374561503771e-01 -4.386568115315065408e-01 1.249574204435017988e+00 0.000000000000000000e+00 0.000000000000000000e+00 0.000000000000000000e+00 0.000000000000000000e+00 0.000000000000000000e+00 0.000000000000000000e+00 0.000000000000000000e+00
-6.046440256775432731e-01 -3.180259274182586360e-01 2.003428377891589840e-01 3.902890949520493313e-01 -5.368989912180544000e-01 1.031539487786185649e+00 0.000000000000000000e+00 0.000000000000000000e+00 0.000000000000000000e+00 0.000000000000000000e+00 0.000000000000000000e+00 0.000000000000000000e+00
6.095278909883118379e-01 -4.843006654839472347e-01 -5.318255801789157911e-01 1.173414615773019920e-01 -3.295468561429844012e-01 1.823589522762477100e-01 9.808474286995747526e-01 0.000000000000000000e+00 0.000000000000000000e+00 0.000000000000000000e+00 0.000000000000000000e+00 0.000000000000000000e+00
5.765805189238156769e-01 3.088400305457663642e-01 -2.149833876118314169e-01 -3.994120896893239570e-01 -2.622049680450470044e-01 -4.903432877837705095e-01 -3.712263162461619248e-01 9.616038956466864684e-01 0.000000000000000000e+00 0.000000000000000000e+00 0.000000000000000000e+00 0.000000000000000000e+00
3.654792503612906973e-01 -6.156946759808412661e-01 -4.257741582275304526e-01 2.833257543045254456e-01 5.837418097165560926e-01 2.985324243391613841e-01 4.010375935503244227e-01 4.700163511583103637e-01 9.584867388325124526e-01 0.000000000000000000e+00 0.000000000000000000e+00 0.000000000000000000e+00
5.943461479584974949e-01 -4.900628497358562319e-01 -5.290815241311898065e-01 1.150999400584738347e-01 -3.226232509420121075e-01 1.851304698413913929e-01 -3.246526140893644247e-02 -3.916486368420524777e-01 -4.298278529129864745e-01 7.975840119755971402e-01 0.000000000000000000e+00 0.000000000000000000e+00
6.711283871738162876e-01 -4.539108852565480468e-01 3.109237265288888885e-01 5.168286464172905381e-01 3.907874352548527108e-01 1.752993976650893126e-01 -4.230409199640202678e-01 5.498371924287669132e-02 3.625911769308703958e-01 -3.183779666654306117e-01 6.313650350255071153e-01 0.000000000000000000e+00
6.238818226938414035e-01 3.147692793255610355e-01 -2.069034562989822135e-01 -3.726580968713155140e-01 5.240854277545569095e-01 -5.882759986661164481e-02 -1.572959510922800896e-01 4.149844830121743322e-01 -4.442069644988880239e-01 -2.406605597089368775e-01 -3.146739227654487547e-01 7.074723351438080288e-01
