1.606070565905650449e+00 0.000000000000000000e+00 0.000000000000000000e+00 0.000000000000000000e+00 0.000000000000000000e+00 0.000000000000000000e+00 0.000000000000000000e+00 0.000000000000000000e+00 0.000000000000000000e+00 0.000000000000000000e+00 0.000000000000000000e+00 0.000000000000000000e+00 0.000000000000000000e+00 0.000000000000000000e+00 0.000000000000000000e+00 0.000000000000000000e+00 0.000000000000000000e+00 0.000000000000000000e+00 0.000000000000000000e+00 0.000000000000000000e+00
-3.896134593286794123e-01 1.734603191434147540e+00 0.000000000000000000e+00 0.000000000000000000e+00 0.000000000000000000e+00 0.000000000000000000e+00 0.000000000000000000e+00 0.000000000000000000e+00 0.000000000000000000e+00 0.000000000000000000e+00 0.000000000000000000e+00 0.000000000000000000e+00 0.000000000000000000e+00 0.000000000000000000e+00 0.000000000000000000e+00 0.000000000000000000e+00 0.000000000000000000e+00 0.000000000000000000e+00 0.000000000000000000e+00 0.000000000000000000e+00
2.468139052011382173e-01 -6.782095378308128364e-02 1.635314406700390188e+00 0.000000000000000000e+00 0.000000000000000000e+00 0.000000000000000000e+00 0.000000000000000000e+00 0.000000000000000000e+00 0.000000000000000000e+00 0.000000000000000000e+00 0.000000000000000000e+00 0.000000000000000000e+00 0.000000000000000000e+00 0.000000000000000000e+00 0.000000000000000000e+00 0.000000000000000000e+00 0.000000000000000000e+00 0.000000000000000000e+00 0.000000000000000000e+00 0.000000000000000000e+00
-4.627407772103898087e-01 1.392917885157805291e-01 4.845774453710048335e-01 1.419974120796814843e+00 0.000000000000000000e+00 0.000000000000000000e+00 0.000000000000000000e+00 0.000000000000000000e+00 0.000000000000000000e+00 0.000000000000000000e+00 0.000000000000000000e+00 0.000000000000000000e+00 0.000000000000000000e+00 0.000000000000000000e+00 0.000000000000000000e+00 0.000000000000000000e+00 0.000000000000000000e+00 0.000000000000000000e+00 0.000000000000000000e+00 0.000000000000000000e+00
6.352409045800765375e-01 7.039743982229608177e-01 -3.904344314143609052e-01 1.245372347405810515e-01 1.275030863437406570e+00 0.000000000000000000e+00 0.000000000000000000e+00 0.000000000000000000e+00 0.000000000000000000e+00 0.000000000000000000e+00 0.000000000000000000e+00 0.000000000000000000e+00 0.000000000000000000e+00 0.000000000000000000e+00 0.000000000000000000e+00 0.000000000000000000e+00 0.000000000000000000e+00 0.000000000000000000e+00 0.000000000000000000e+00 0.000000000000000000e+00
-2.047179254846011598e-01 -7.561750319720543512e-02 1.897442337686257030e-01 -4.393894932797638986e-01 -4.840330758505508868e-01 1.428135793009139620e+00 0.000000000000000000e+00 0.000000000000000000e+00 0.000000000000000000e+00 0.000000000000000000e+00 0.000000000000000000e+00 0.000000000000000000e+00 0.000000000000000000e+00 0.000000000000000000e+00 0.000000000000000000e+00 0.000000000000000000e+00 0.000000000000000000e+00 0.000000000000000000e+00 0.000000000000000000e+00 0.000000000000000000e+00
7.006572201807427236e-01 -7.433722446552478713e-01 -2.095649911263994594e-03 -2.232455926980737859e-01 4.075807270629978607e-01 -2.725375525938955046e-01 1.434538868727544658e+00 0.000000000000000000e+00 0.000000000000000000e+00 0.000000000000000000e+00 0.000000000000000000e+00 0.000000000000000000e+00 0.000000000000000000e+00 0.000000000000000000e+00 0.000000000000000000e+00 0.000000000000000000e+00 0.000000000000000000e+00 0.000000000000000000e+00 0.000000000000000000e+00 0.000000000000000000e+00
4.531959040204768807e-01 -2.364006912926424342e-01 2.665185321566319598e-01 4.211738107132327880e-01 -2.635567608982007370e-01 -6.653064794434414564e-01 -5.235256467620019727e-01 1.174286281615719574e+00 0.000000000000000000e+00 0.000000000000000000e+00 0.000000000000000000e+00 0.000000000000000000e+00 0.000000000000000000e+00 0.000000000000000000e+00 0.000000000000000000e+00 0.000000000000000000e+00 0.000000000000000000e+00 0.000000000000000000e+00 0.000000000000000000e+00 0.000000000000000000e+00
-4.164316227075390842e-01 4.064436325170940889e-01 1.051749398702745558e-01 -4.798333046511487621e-01 -4.822824831455959638e-01 -3.904982590672458342e-01 -5.894140371828652247e-01 4.631696456058727041e-01 1.150346046869830108e+00 0.000000000000000000e+00 0.000000000000000000e+00 0.000000000000000000e+00 0.000000000000000000e+00 0.000000000000000000e+00 0.000000000000000000e+00 0.000000000000000000e+00 0.000000000000000000e+00 0.000000000000000000e+00 0.000000000000000000e+00 0.000000000000000000e+00
-1.130314458125579458e-01 -7.436863570115828659e-02 -7.648027538467706554e-01 -4.175564576827419105e-01 -5.752872092789577119e-01 -3.599726807259315819e-01 -4.122627382696005816e-01 1.763900684911705596e-01 3.394071789289287433e-01 1.084562666431545086e+00 0.000000000000000000e+00 0.000000000000000000e+00 0.000000000000000000e+00 0.000000000000000000e+00 0.000000000000000000e+00 0.000000000000000000e+00 0.000000000000000000e+00 0.000000000000000000e+00 0.000000000000000000e+00 0.000000000000000000e+00
-5.405904057877657376e-01 -1.305971420515560644e-01 7.815712049907669323e-01 1.149455030901109891e-02 6.363935349316230949e-01 6.824770560385382545e-01 1.531682991865441767e-01 4.326640180942490366e-01 2.250476650893989405e-01 -5.134115261580451950e-01 8.152798375125316355e-01 0.000000000000000000e+00 0.000000000000000000e+00 0.000000000000000000e+00 0.000000000000000000e+00 0.000000000000000000e+00 0.000000000000000000e+00 0.000000000000000000e+00 0.000000000000000000e+00 0.000000000000000000e+00
7.103721808168619312e-01 5.795357401887241133e-01 3.467084394089587907e-01 -3.271051340188130818e-01 4.721546097510049278e-01 2.097273390703391915e-01 -6.403563372412106602e-01 -3.171351368957210370e-01 -1.780216903306445497e-01 5.223522709092073141e-02 3.408578468178784515e-01 8.505531749816231946e-01 0.000000000000000000e+00 0.000000000000000000e+00 0.000000000000000000e+00 0.000000000000000000e+00 0.000000000000000000e+00 0.000000000000000000e+00 0.000000000000000000e+00 0.000000000000000000e+00
-3.209257198983550552e-01 8.308397474484207068e-01 -7.827245041739504527e-01 -7.045723537215569099e-01 3.612718426573687802e-01 6.951001315029486927e-01 -2.859417171311273154e-01 -5.118198250584072850e-01 -1.027005911861341853e-01 -1.525633971489312631e-02 3.862588208479952323e-01 -2.206442738892022137e-01 8.189630119477767645e-01 0.000000000000000000e+00 0.000000000000000000e+00 0.000000000000000000e+00 0.000000000000000000e+00 0.000000000000000000e+00 0.000000000000000000e+00 0.000000000000000000e+00
-7.586627059528083805e-01 6.216435001073167266e-01 6.868682100558674009e-01 -2.958210442752817193e-01 -4.740761216937531830e-01 4.885683892501374581e-01 -1.470953557846155502e-01 -4.866072280530852057e-01 -1.410045064197508816e-02 -5.074943957826475449e-01 -3.198691712114461461e-01 -3.241954682260502624e-02 3.477357643848592028e-01 8.240478427420355745e-01 0.000000000000000000e+00 0.000000000000000000e+00 0.000000000000000000e+00 0.000000000000000000e+00 0.000000000000000000e+00 0.000000000000000000e+00
-1.528554538555082776e-01 -7.206597279503310638e-01 -7.862744486018952150e-01 -4.417957969209294622e-01 -4.807302623955079790e-01 -2.675587408980877047e-02 4.102395123787594966e-01 2.442968382235531644e-01 2.911169674554722198e-01 3.602037729069229033e-01 -5.635191899343448829e-02 2.698402043406139539e-01 -6.061159683663946279e-02 2.029779960818874907e-01 7.640379397393595173e-01 0.000000000000000000e+00 0.000000000000000000e+00 0.000000000000000000e+00 0.000000000000000000e+00 0.000000000000000000e+00
-4.529769254866811146e-01 7.733998286040729697e-01 2.956628203513610997e-01 -4.729390733173980954e-01 -2.448675719955152041e-01 -6.666136335197323515e-01 -4.139049089537241155e-01 4.021982487278384644e-02 -3.072034213619092569e-01 -1.254610319361413803e-02 1.207308894186442244e-01 2.305567996458942892e-01 -1.514032927972528697e-01 -6.875754600542109685e-02 -1.291968067328936876e-01 7.616443933399794641e-01 0.000000000000000000e+00 0.000000000000000000e+00 0.000000000000000000e+00 0.000000000000000000e+00
6.556435938545714937e-01 4.378615259998958065e-01 4.367516556277069584e-01 -5.474347492851056041e-01 -3.212244913621917219e-01 1.475679033510038374e-01 6.441765675299571114e-01 -5.261379264784437071e-01 -1.848346333019640630e-01 3.367134253495454588e-03 -2.752066793762477648e-01 -2.091154232948965741e-01 -3.571480907429397944e-01 7.346816206713713271e-02 1.428415874679385689e-01 -3.713529290650260939e-01 6.060502072378960436e-01 0.000000000000000000e+00 0.000000000000000000e+00 0.000000000000000000e+00
6.328386268835419770e-01 -6.131029926087793180e-01 -3.705280208746375981e-01 -5.097772169434797718e-01 -4.951168922156864993e-01 2.516371367404300896e-01 6.739121010720494631e-01 4.422528328452570712e-01 1.701427744753980509e-01 -1.377791595030755378e-01 -1.693814311677662443e-01 2.640569740123142606e-01 -9.720085776353168394e-02 -1.961366727612053606e-01 -2.827622564033678287e-01 -9.266260757323238617e-02 2.860409825266354567e-01 7.144890523319499254e-01 0.000000000000000000e+00 0.000000000000000000e+00
5.844910049551452769e-01 2.914981505741415790e-01 -4.805534101240823697e-01 6.982650460549046922e-01 -4.043452241210556131e-01 7.012526317466577508e-01 6.593970878393186075e-01 5.534928100481854019e-01 -1.362958924428184226e-01 -4.114191158227673006e-01 -2.535475563587193393e-01 4.012219021074326375e-01 1.669330592721129936e-01 -1.674678797333870872e-01 3.814638693956328708e-01 -1.492676970861611385e-01 1.680410038669326311e-01 3.554232509121726946e-01 6.346487329290828594e-01 0.000000000000000000e+00
3.714396099590206446e-01 -8.209600572619634162e-01 4.958598066732134990e-01 2.937939456584963693e-01 5.084579522726357936e-01 1.807100782064175182e-01 -3.840713598944223151e-01 1.019052884197262782e-01 1.992143528488822812e-01 4.471234505661567660e-01 1.236906280607161512e-01 -3.438500421704450138e-01 3.184181423861732196e-01 3.961616895318039178e-01 -2.480123391984979941e-01 3.066521429653814579e-01 2.784120909508352448e-01 2.317637311271137368e-01 -2.707070717096243251e-01 5.397146654806223021e-01
