1.546198907870089512e+00 0.000000000000000000e+00 0.000000000000000000e+00 0.000000000000000000e+00 0.000000000000000000e+00 0.000000000000000000e+00 0.000000000000000000e+00 0.000000000000000000e+00 0.000000000000000000e+00 0.000000000000000000e+00 0.000000000000000000e+00 0.000000000000000000e+00 0.000000000000000000e+00 0.000000000000000000e+00
-1.989282523197415942e-01 1.586569925389694102e+00 0.000000000000000000e+00 0.000000000000000000e+00 0.000000000000000000e+00 0.000000000000000000e+00 0.000000000000000000e+00 0.000000000000000000e+00 0.000000000000000000e+00 0.000000000000000000e+00 0.000000000000000000e+00 0.000000000000000000e+00 0.000000000000000000e+00 0.000000000000000000e+00
5.269133666691989681e-01 6.992260840074226991e-01 1.411812728569591613e+00 0.000000000000000000e+00 0.000000000000000000e+00 0.000000000000000000e+00 0.000000000000000000e+00 0.000000000000000000e+00 0.000000000000000000e+00 0.000000000000000000e+00 0.000000000000000000e+00 0.000000000000000000e+00 0.000000000000000000e+00 0.000000000000000000e+00
-3.264700850231990192e-01 -5.650321357825943691e-01 -4.415209494656049394e-01 1.403303673962236431e+00 0.000000000000000000e+00 0.000000000000000000e+00 0.000000000000000000e+00 0.000000000000000000e+00 0.000000000000000000e+00 0.000000000000000000e+00 0.000000000000000000e+00 0.000000000000000000e+00 0.000000000000000000e+00 0.000000000000000000e+00
7.212238359249593111e-01 5.965015219372014066e-01 3.148462550646968783e-01 -4.710273982575265417e-01 1.135262337661809839e+00 0.000000000000000000e+00 0.000000000000000000e+00 0.000000000000000000e+00 0.000000000000000000e+00 0.000000000000000000e+00 0.000000000000000000e+00 0.000000000000000000e+00 0.000000000000000000e+00 0.000000000000000000e+00
4.883404613181999143e-01 -5.424657110108265234e-01 6.638388956047258649e-01 6.485746096685456319e-01 -5.361710288228230814e-01 9.256573105863821205e-01 0.000000000000000000e+00 0.000000000000000000e+00 0.000000000000000000e+00 0.000000000000000000e+00 0.000000000000000000e+00 0.000000000000000000e+00 0.000000000000000000e+00 0.000000000000000000e+00
-5.708800377409743998e-01 4.529226155968166245e-01 6.283102566326489447e-01 5.309701917524602965e-01 -1.773658232634430232e-01 -2.364286014524366319e-01 1.045831730093711887e+00 0.000000000000000000e+00 0.000000000000000000e+00 0.000000000000000000e+00 0.000000000000000000e+00 0.000000000000000000e+00 0.000000000000000000e+00 0.000000000000000000e+00
5.490325506182869297e-01 7.215061641393418768e-01 1.952555000834634014e-01 -1.390218337958242512e-01 -1.326388744875352799e-01 2.245525699337795611e-01 3.199798666083860099e-01 1.005934830225602150e+00 0.000000000000000000e+00 0.000000000000000000e+00 0.000000000000000000e+00 0.000000000000000000e+00 0.000000000000000000e+00 0.000000000000000000e+00
3.241990851017097219e-03 -4.865697343435036459e-01 2.126798256824047051e-01 6.161539882844244698e-01 -3.484531965101707041e-01 -2.035129535356836883e-01 -4.344064120662174400e-01 -4.788336474778147056e-01 8.811285050600993207e-01 0.000000000000000000e+00 0.000000000000000000e+00 0.000000000000000000e+00 0.000000000000000000e+00 0.000000000000000000e+00
-4.895007030225535516e-01 5.524063901939723076e-01 -6.738291620642524737e-01 -6.635356205480500424e-01 5.547838908341956587e-01 3.257868515255969433e-01 -2.498011383741031988e-01 -1.633274851329126476e-01 9.259480272599823411e-03 8.087229538524095540e-01 0.000000000000000000e+00 0.000000000000000000e+00 0.000000000000000000e+00 0.000000000000000000e+00
-7.254489554238168214e-01 1.419960247799211157e-02 7.003749751371207699e-01 -4.738685574980369686e-01 -3.183886662546294155e-01 -9.258285575291817782e-02 4.536600467099022316e-01 1.937459730550131765e-01 7.796220948789958638e-02 3.338682226360468741e-01 7.853032684172005506e-01 0.000000000000000000e+00 0.000000000000000000e+00 0.000000000000000000e+00
-6.313708518704543859e-01 6.393743228424992875e-01 -3.513910257126643399e-01 4.041973801638553687e-01 -1.652570227880473530e-01 -4.611987265600452912e-01 3.805604322798827877e-01 5.534063941155052679e-02 3.064543304642037280e-01 1.256548282333882771e-01 2.661622703199156281e-01 7.792830038325201381e-01 0.000000000000000000e+00 0.000000000000000000e+00
-6.179957455758776641e-01 6.952444517667190071e-01 4.590698887109251336e-01 6.675045801694396985e-01 -2.764334711456389315e-01 -5.700983449282265303e-02 -1.551945866880320990e-01 1.162736471184778846e-02 -3.168876879153292303e-01 4.707360963412219462e-02 1.208497806478377179e-01 3.424061826003850784e-01 6.980588637991355094e-01 0.000000000000000000e+00
5.705939691576252804e-01 -3.637548647060740437e-01 1.679143295209666875e-01 -6.989498701371013034e-01 -1.077882219482979992e-01 -4.030046286025696367e-01 -5.210020299363444796e-01 -1.890261135396038850e-01 -2.667829312741427650e-01 -3.097852349040295938e-01 3.812962931287465773e-01 -2.110200205581862776e-01 3.405856923457092900e-01 6.113710402231110619e-01
