1.910963794578683483e+00 0.000000000000000000e+00 0.000000000000000000e+00 0.000000000000000000e+00 0.000000000000000000e+00 0.000000000000000000e+00 0.000000000000000000e+00 0.000000000000000000e+00 0.000000000000000000e+00 0.000000000000000000e+00 0.000000000000000000e+00 0.000000000000000000e+00 0.000000000000000000e+00 0.000000000000000000e+00 0.000000000000000000e+00 0.000000000000000000e+00 0.000000000000000000e+00 0.000000000000000000e+00 0.000000000000000000e+00 0.000000000000000000e+00 0.000000000000000000e+00 0.000000000000000000e+00
-1.232901494777256940e-01 1.735632505995711616e+00 0.000000000000000000e+00 0.000000000000000000e+00 0.000000000000000000e+00 0.000000000000000000e+00 0.000000000000000000e+00 0.000000000000000000e+00 0.000000000000000000e+00 0.000000000000000000e+00 0.000000000000000000e+00 0.000000000000000000e+00 0.000000000000000000e+00 0.000000000000000000e+00 0.000000000000000000e+00 0.000000000000000000e+00 0.000000000000000000e+00 0.000000000000000000e+00 0.000000000000000000e+00 0.000000000000000000e+00 0.000000000000000000e+00 0.000000000000000000e+00
-1.412982146763653024e-01 -5.544404036195799135e-01 1.570335619367050572e+00 0.000000000000000000e+00 0.000000000000000000e+00 0.000000000000000000e+00 0.000000000000000000e+00 0.000000000000000000e+00 0.000000000000000000e+00 0.000000000000000000e+00 0.000000000000000000e+00 0.000000000000000000e+00 0.000000000000000000e+00 0.000000000000000000e+00 0.000000000000000000e+00 0.000000000000000000e+00 0.000000000000000000e+00 0.000000000000000000e+00 0.000000000000000000e+00 0.000000000000000000e+00 0.000000000000000000e+00 0.000000000000000000e+00
-3.924987620025504054e-01 -7.092282531208149443e-01 3.881328606801343756e-02 1.472265429600627673e+00 0.000000000000000000e+00 0.000000000000000000e+00 0.000000000000000000e+00 0.000000000000000000e+00 0.000000000000000000e+00 0.000000000000000000e+00 0.000000000000000000e+00 0.000000000000000000e+00 0.000000000000000000e+00 0.000000000000000000e+00 0.000000000000000000e+00 0.000000000000000000e+00 0.000000000000000000e+00 0.000000000000000000e+00 0.000000000000000000e+00 0.000000000000000000e+00 0.000000000000000000e+00 0.000000000000000000e+00
1.696583395387371296e-01 8.804901107472501431e-02 -1.148838806317884348e-01 -4.063929986998457977e-01 1.671719753167323352e+00 0.000000000000000000e+00 0.000000000000000000e+00 0.000000000000000000e+00 0.000000000000000000e+00 0.000000000000000000e+00 0.000000000000000000e+00 0.000000000000000000e+00 0.000000000000000000e+00 0.000000000000000000e+00 0.000000000000000000e+00 0.000000000000000000e+00 0.000000000000000000e+00 0.000000000000000000e+00 0.000000000000000000e+00 0.000000000000000000e+00 0.000000000000000000e+00 0.000000000000000000e+00
3.850202802858038731e-01 5.800330545847902641e-01 1.232830408661552135e-01 -5.508046431969527701e-01 4.374959986419537095e-01 1.612602145872802595e+00 0.000000000000000000e+00 0.000000000000000000e+00 0.000000000000000000e+00 0.000000000000000000e+00 0.000000000000000000e+00 0.000000000000000000e+00 0.000000000000000000e+00 0.000000000000000000e+00 0.000000000000000000e+00 0.000000000000000000e+00 0.000000000000000000e+00 0.000000000000000000e+00 0.000000000000000000e+00 0.000000000000000000e+00 0.000000000000000000e+00 0.000000000000000000e+00
-6.018597257042634929e-01 6.808918067110126815e-01 -5.304231924253370867e-01 1.998467356325276112e-01 5.332330855523980118e-01 8.035834654901400365e-01 1.551752246153135673e+00 0.000000000000000000e+00 0.000000000000000000e+00 0.000000000000000000e+00 0.000000000000000000e+00 0.000000000000000000e+00 0.000000000000000000e+00 0.000000000000000000e+00 0.000000000000000000e+00 0.000000000000000000e+00 0.000000000000000000e+00 0.000000000000000000e+00 0.000000000000000000e+00 0.000000000000000000e+00 0.000000000000000000e+00 0.000000000000000000e+00
-3.104731914715063712e-01 -1.900632580418517570e-01 3.043123044144448452e-01 2.188449795507012574e-01 6.130745829762882515e-01 2.314153388570986958e-01 -6.466820771834204118e-01 1.285010370709849248e+00 0.000000000000000000e+00 0.000000000000000000e+00 0.000000000000000000e+00 0.000000000000000000e+00 0.000000000000000000e+00 0.000000000000000000e+00 0.000000000000000000e+00 0.000000000000000000e+00 0.000000000000000000e+00 0.000000000000000000e+00 0.000000000000000000e+00 0.000000000000000000e+00 0.000000000000000000e+00 0.000000000000000000e+00
-2.465414241418991126e-01 -7.319381119549850379e-01 -9.001529437900049335e-02 2.684191080409426000e-02 -4.517089973967943206e-01 -6.251563769766010914e-01 -1.578081048167307432e-01 -4.564045891593545567e-01 1.237486719361144072e+00 0.000000000000000000e+00 0.000000000000000000e+00 0.000000000000000000e+00 0.000000000000000000e+00 0.000000000000000000e+00 0.000000000000000000e+00 0.000000000000000000e+00 0.000000000000000000e+00 0.000000000000000000e+00 0.000000000000000000e+00 0.000000000000000000e+00 0.000000000000000000e+00 0.000000000000000000e+00
3.477310490911299512e-01 6.457749341164222834e-01 -5.955655477101138295e-01 -3.945086699305391797e-01 -4.092563237993321335e-02 7.028748911566752300e-01 1.346512503214756518e-01 -1.497040035509857037e-01 4.471800260127060112e-01 1.030690440162820298e+00 0.000000000000000000e+00 0.000000000000000000e+00 0.000000000000000000e+00 0.000000000000000000e+00 0.000000000000000000e+00 0.000000000000000000e+00 0.000000000000000000e+00 0.000000000000000000e+00 0.000000000000000000e+00 0.000000000000000000e+00 0.000000000000000000e+00 0.000000000000000000e+00
6.410842367560301014e-01 -7.413677347656644212e-01 1.946236833358635232e-01 -5.669878626977651326e-01 -1.430727071554934726e-01 4.247195497569017375e-01 -6.818554544433191866e-01 -6.267892405388307830e-01 5.971959958743825458e-01 3.493904051031865854e-01 9.976076362495694960e-01 0.000000000000000000e+00 0.000000000000000000e+00 0.000000000000000000e+00 0.000000000000000000e+00 0.000000000000000000e+00 0.000000000000000000e+00 0.000000000000000000e+00 0.000000000000000000e+00 0.000000000000000000e+00 0.000000000000000000e+00 0.000000000000000000e+00
-6.569150703631442267e-01 1.786161383154511728e-01 -2.170115679149562105e-01 -2.871688252675796416e-01 -6.489710223027980174e-01 1.204342063111914218e-01 -5.687963936569766510e-01 4.112455545083797959e-01 -2.284916349441813155e-01 4.282076302196652917e-01 -4.897298492133242975e-01 8.413492856905888662e-01 0.000000000000000000e+00 0.000000000000000000e+00 0.000000000000000000e+00 0.000000000000000000e+00 0.000000000000000000e+00 0.000000000000000000e+00 0.000000000000000000e+00 0.000000000000000000e+00 0.000000000000000000e+00 0.000000000000000000e+00
-7.091579977601083495e-01 7.916072893686927348e-01 2.666912134980565785e-01 4.102381930114223363e-01 5.535869532508783664e-01 9.976101362992270682e-02 5.534362997692875430e-01 5.370597603539046805e-01 -7.000617922480743827e-02 -3.907794257484163425e-01 2.828361210708585025e-02 -3.584994598424854906e-01 8.306843881194672097e-01 0.000000000000000000e+00 0.000000000000000000e+00 0.000000000000000000e+00 0.000000000000000000e+00 0.000000000000000000e+00 0.000000000000000000e+00 0.000000000000000000e+00 0.000000000000000000e+00 0.000000000000000000e+00
-1.692288630543918870e-01 6.854585392698580026e-01 -2.085669233236150943e-02 -4.893901821259681872e-01 -4.967285262474123164e-01 4.606454884450534304e-01 -6.823436414885413193e-01 -4.016358856684900114e-01 -4.178414273883179764e-01 -3.640362721715484362e-01 4.227654487168727715e-01 2.410206850289145775e-01 8.138384639905046902e-02 7.973050198235790420e-01 0.000000000000000000e+00 0.000000000000000000e+00 0.000000000000000000e+00 0.000000000000000000e+00 0.000000000000000000e+00 0.000000000000000000e+00 0.000000000000000000e+00 0.000000000000000000e+00
1.005916496505397939e-01 -7.266594596388102900e-01 -1.607299234669764820e-01 -3.603339675825396604e-01 -3.627986830871006707e-01 5.828642353446548130e-01 -7.728512370981168722e-01 9.958011983896879193e-02 -3.997170004776658403e-01 1.499366989628042027e-04 -9.818153878971845605e-02 -3.440309482059891177e-01 2.209777927230522354e-01 -3.549220778862905434e-01 8.829214452372134980e-01 0.000000000000000000e+00 0.000000000000000000e+00 0.000000000000000000e+00 0.000000000000000000e+00 0.000000000000000000e+00 0.000000000000000000e+00 0.000000000000000000e+00
-3.444319352994196226e-01 3.205205698704584050e-01 -5.941022474191277603e-01 -7.266183108133879021e-01 7.969102005984870507e-01 5.197291057386209667e-01 6.151957399285714612e-01 -3.150086708078065345e-01 3.010898640728577602e-01 -8.536842830359829548e-02 -1.899112156481006508e-01 -2.555682176940913264e-01 -1.969793547974615922e-01 3.479070061729355734e-01 3.096495106010876963e-01 7.619113320923672772e-01 0.000000000000000000e+00 0.000000000000000000e+00 0.000000000000000000e+00 0.000000000000000000e+00 0.000000000000000000e+00 0.000000000000000000e+00
7.308434245150352560e-01 -1.812792519935572111e-01 -7.470286570087000810e-02 4.411125182852024262e-01 -4.506180209581502755e-02 7.686941317514728311e-02 -7.284762208524342419e-01 6.423400167720146881e-01 -4.602360102189047564e-01 -1.441227740937274515e-01 2.532222906283695396e-01 1.754402108160527801e-02 -1.635645872174844306e-01 -3.192661755320835293e-01 1.053752532281328064e-01 3.793220074343800485e-01 6.448616313763472219e-01 0.000000000000000000e+00 0.000000000000000000e+00 0.000000000000000000e+00 0.000000000000000000e+00 0.000000000000000000e+00
-2.294269005505457371e-01 -7.013631527181050096e-01 -7.587686173846102111e-01 6.134640440548365659e-01 1.346785600157832941e-01 3.504028796408916180e-01 -3.787612373114619957e-01 3.127125137729958593e-01 3.173435658890351174e-01 5.601644736543859304e-02 -4.534997787792557356e-01 -2.253314326325656092e-01 2.168414098053603745e-01 -1.304814163291083962e-01 -4.209819061147856423e-01 3.411756240119059869e-01 2.798708336186507273e-01 6.579100365349974666e-01 0.000000000000000000e+00 0.000000000000000000e+00 0.000000000000000000e+00 0.000000000000000000e+00
-4.685366884222705308e-01 -6.600922195817251481e-01 -7.306894617750522292e-01 -5.921802711813123343e-01 -1.560126968254093582e-01 1.054001009156316920e-01 -6.857086897266225778e-01 -2.130290122217451676e-01 -3.850394130584056662e-01 5.714818470542316897e-02 -4.001893944747042520e-01 4.035451456621952371e-01 3.031493297227259021e-01 -2.792614984982753068e-01 -2.796170687798384957e-01 3.116345392428399586e-01 2.248122769538900279e-01 1.119928662354358201e-01 6.222136109563807249e-01 0.000000000000000000e+00 0.000000000000000000e+00 0.000000000000000000e+00
3.006500204332068216e-01 4.728453200242377918e-01 7.273298276648307858e-01 2.138096730774562970e-01 6.041448394988466752e-01 3.774113382897305580e-01 4.927995386035345926e-01 -3.258488676344289403e-01 -4.739676508481157624e-01 1.740294192237098747e-01 4.254883225063148533e-01 1.832419076563733262e-01 3.565465126171735166e-01 2.297152253405026212e-01 1.667046056829325426e-02 1.449420939656307916e-01 -3.337942393063603880e-02 3.018176175957851815e-01 -1.242698382331559465e-01 6.058043887949655648e-01 0.000000000000000000e+00 0.000000000000000000e+00
2.560356795733242374e-01 -8.365175451071832358e-01 6.691442222161364528e-01 1.533243892476644256e-02 -4.671361120480528317e-01 7.517318641827747117e-01 -4.486684602214384143e-01 4.879184661598101047e-01 2.754381533040085525e-02 -2.580070322731893850e-01 3.344537576444951976e-01 -1.409647084548679152e-01 -1.656997255073736075e-01 1.326143336604342637e-01 -5.176097851587203869e-02 2.062836038922337412e-01 -4.665175819748487718e-02 -1.206945615183529774e-01 -2.396402720001909459e-01 -1.843099236966332655e-01 5.700806910639798497e-01 0.000000000000000000e+00
8.896422002978648935e-01 -7.560218720513471879e-01 -4.731380176750927813e-01 6.389317636259824740e-01 6.207195449839061352e-01 6.332628328379090732e-01 2.474250441779695942e-01 1.178325724876535044e-02 2.477351046105683019e-01 6.400314099566235815e-02 -2.876208373623299064e-01 -1.370919583923194962e-01 -3.330105435587759621e-01 -3.015986091826167725e-01 -3.086655164693016817e-01 -1.777387338218237023e-01 -8.522976118694143566e-02 4.702154171257869053e-02 -1.302965303875235625e-01 -3.021188199951597153e-01 1.355773080675514719e-01 5.579023725782435994e-01
