1.513716673653251910e+00 0.000000000000000000e+00 0.000000000000000000e+00 0.000000000000000000e+00 0.000000000000000000e+00 0.000000000000000000e+00 0.000000000000000000e+00 0.000000000000000000e+00 0.000000000000000000e+00 0.000000000000000000e+00 0.000000000000000000e+00 0.000000000000000000e+00 0.000000000000000000e+00
4.582727370102561704e-01 1.484712978299518982e+00 0.000000000000000000e+00 0.000000000000000000e+00 0.000000000000000000e+00 0.000000000000000000e+00 0.000000000000000000e+00 0.000000000000000000e+00 0.000000000000000000e+00 0.000000000000000000e+00 0.000000000000000000e+00 0.000000000000000000e+00 0.000000000000000000e+00
4.626709713685522862e-01 -6.091261742408070612e-01 1.195583680779618074e+00 0.000000000000000000e+00 0.000000000000000000e+00 0.000000000000000000e+00 0.000000000000000000e+00 0.000000000000000000e+00 0.000000000000000000e+00 0.000000000000000000e+00 0.000000000000000000e+00 0.000000000000000000e+00 0.000000000000000000e+00
-7.324112522361757582e-01 -3.846852376093911619e-01 -4.605741276994951283e-01 1.241049988044798713e+00 0.000000000000000000e+00 0.000000000000000000e+00 0.000000000000000000e+00 0.000000000000000000e+00 0.000000000000000000e+00 0.000000000000000000e+00 0.000000000000000000e+00 0.000000000000000000e+00 0.000000000000000000e+00
-5.056395652455202006e-02 6.670605294512279571e-01 3.387540917050397837e-01 -4.562285463974561917e-01 1.110124225145303178e+00 0.000000000000000000e+00 0.000000000000000000e+00 0.000000000000000000e+00 0.000000000000000000e+00 0.000000000000000000e+00 0.000000000000000000e+00 0.000000000000000000e+00 0.000000000000000000e+00
4.889875791961460078e-02 -6.783840721758408465e-01 -3.458211651521870822e-01 -3.544833686838309572e-01 3.737960672626138847e-01 1.073357033806197958e+00 0.000000000000000000e+00 0.000000000000000000e+00 0.000000000000000000e+00 0.000000000000000000e+00 0.000000000000000000e+00 0.000000000000000000e+00 0.000000000000000000e+00
6.703442169573589071e-01 -5.856417828533142522e-01 -5.324223916618527896e-01 -3.850172295705239778e-01 -5.529010335069576287e-01 -4.546314907812239459e-01 1.132815031202828449e+00 0.000000000000000000e+00 0.000000000000000000e+00 0.000000000000000000e+00 0.000000000000000000e+00 0.000000000000000000e+00 0.000000000000000000e+00
-4.089421470125368524e-02 6.791704758569496736e-01 3.423143716577010109e-01 3.497221086110282595e-01 -3.757414716451708547e-01 -1.457440678224781461e-01 -5.013951522102446656e-01 9.416078044505408196e-01 0.000000000000000000e+00 0.000000000000000000e+00 0.000000000000000000e+00 0.000000000000000000e+00 0.000000000000000000e+00
6.573876183142534080e-01 -2.527745049604891436e-01 -3.727667247876551015e-01 -6.170062840917982516e-01 1.351939692706353481e-02 -4.425546189017571796e-01 -1.860568027446228290e-01 3.515989925798782001e-01 7.955758702096002999e-01 0.000000000000000000e+00 0.000000000000000000e+00 0.000000000000000000e+00 0.000000000000000000e+00
-4.629285263494929969e-01 7.244871213208756711e-01 2.395984173235072567e-01 -8.460071527853627038e-02 -5.519471584278395904e-01 -2.247078302523780324e-01 -5.337477372809591447e-01 -6.066094433233396727e-02 3.899475738087898047e-01 8.690520664620986491e-01 0.000000000000000000e+00 0.000000000000000000e+00 0.000000000000000000e+00
-6.424413215770387042e-01 -4.366832975045708554e-01 2.215477483890444105e-02 2.862405200005863071e-01 3.880565341923422062e-01 -2.874422794035399464e-01 3.186955729856740804e-01 4.658392387035534821e-01 3.190031886421774709e-01 2.899639735663793738e-01 7.566639538864293746e-01 0.000000000000000000e+00 0.000000000000000000e+00
-6.253201432530709480e-01 -4.322273993125660407e-01 1.965809797882357365e-02 2.826477084283752772e-01 3.910010215314088655e-01 -2.964549348095561476e-01 -5.660527215677791935e-01 -2.910872540992190827e-04 3.296633635635243809e-01 -2.887649808416791752e-01 3.173840919041597819e-01 6.885774740333616695e-01 0.000000000000000000e+00
7.126120780525565523e-01 6.277471114212597181e-01 4.809947260962296051e-02 5.568733669288761234e-01 -1.682627491693146904e-01 -2.950052873804934750e-01 3.213409499789685042e-01 4.598363870054775759e-01 -3.125967083488734310e-01 2.890022033642600796e-01 3.706759842327987942e-01 -2.491730889214076039e-01 6.549611689488266109e-01
