1.568988234900372092e+00 0.000000000000000000e+00 0.000000000000000000e+00 0.000000000000000000e+00 0.000000000000000000e+00 0.000000000000000000e+00 0.000000000000000000e+00 0.000000000000000000e+00 0.000000000000000000e+00 0.000000000000000000e+00 0.000000000000000000e+00 0.000000000000000000e+00 0.000000000000000000e+00 0.000000000000000000e+00 0.000000000000000000e+00
4.310811038857447208e-01 1.454594459375770477e+00 0.000000000000000000e+00 0.000000000000000000e+00 0.000000000000000000e+00 0.000000000000000000e+00 0.000000000000000000e+00 0.000000000000000000e+00 0.000000000000000000e+00 0.000000000000000000e+00 0.000000000000000000e+00 0.000000000000000000e+00 0.000000000000000000e+00 0.000000000000000000e+00 0.000000000000000000e+00
6.972616934633760200e-02 -5.295349512490670624e-02 1.509718966218337677e+00 0.000000000000000000e+00 0.000000000000000000e+00 0.000000000000000000e+00 0.000000000000000000e+00 0.000000000000000000e+00 0.000000000000000000e+00 0.000000000000000000e+00 0.000000000000000000e+00 0.000000000000000000e+00 0.000000000000000000e+00 0.000000000000000000e+00 0.000000000000000000e+00
-4.851142783031813788e-01 -1.512864404169144972e-01 -6.313657670615185902e-01 1.507836218529155170e+00 0.000000000000000000e+00 0.000000000000000000e+00 0.000000000000000000e+00 0.000000000000000000e+00 0.000000000000000000e+00 0.000000000000000000e+00 0.000000000000000000e+00 0.000000000000000000e+00 0.000000000000000000e+00 0.000000000000000000e+00 0.000000000000000000e+00
-3.824978996405078435e-01 -4.966100397952545875e-01 1.765695565866101657e-01 -6.681452194518302523e-01 1.166838924877515948e+00 0.000000000000000000e+00 0.000000000000000000e+00 0.000000000000000000e+00 0.000000000000000000e+00 0.000000000000000000e+00 0.000000000000000000e+00 0.000000000000000000e+00 0.000000000000000000e+00 0.000000000000000000e+00 0.000000000000000000e+00
7.280831402153353782e-01 -4.949252837517387205e-01 -4.334071528993579392e-01 7.487578087260942095e-01 2.109620068880747601e-01 1.089559533781976342e+00 0.000000000000000000e+00 0.000000000000000000e+00 0.000000000000000000e+00 0.000000000000000000e+00 0.000000000000000000e+00 0.000000000000000000e+00 0.000000000000000000e+00 0.000000000000000000e+00 0.000000000000000000e+00
7.181091737154808863e-01 -4.039975433271483785e-01 -4.869837666124716136e-01 -1.639731731505189860e-01 -5.526742361393132130e-01 5.147528842704520713e-01 8.924756927343399093e-01 0.000000000000000000e+00 0.000000000000000000e+00 0.000000000000000000e+00 0.000000000000000000e+00 0.000000000000000000e+00 0.000000000000000000e+00 0.000000000000000000e+00 0.000000000000000000e+00
7.791886902862985576e-01 -1.254481482139720439e-01 3.679518606142467840e-01 -4.139246816502578641e-01 -4.408999414360721403e-01 -2.019463846430341325e-01 -4.452744398807868542e-01 1.000695580829430886e+00 0.000000000000000000e+00 0.000000000000000000e+00 0.000000000000000000e+00 0.000000000000000000e+00 0.000000000000000000e+00 0.000000000000000000e+00 0.000000000000000000e+00
1.197728969568899876e-01 1.036366997063913054e-01 -7.336685425149397366e-01 7.098466185558366393e-01 2.284214856138655769e-01 5.100612813192967332e-01 -4.230203024346829155e-01 4.981782236685767806e-01 8.915444286407477881e-01 0.000000000000000000e+00 0.000000000000000000e+00 0.000000000000000000e+00 0.000000000000000000e+00 0.000000000000000000e+00 0.000000000000000000e+00
-1.713910058839291164e-02 2.489509652005564844e-01 4.804508221897981213e-01 -6.995732134315015838e-01 4.789887764227114264e-01 -5.172448894122366747e-01 -3.460841223078923168e-01 4.795185859303849885e-01 3.092657997100334288e-01 8.052581949809680673e-01 0.000000000000000000e+00 0.000000000000000000e+00 0.000000000000000000e+00 0.000000000000000000e+00 0.000000000000000000e+00
2.801803384627691296e-01 3.587312688097580304e-01 -6.119056597243937023e-01 -7.183070554545721853e-01 5.551388131188319530e-01 -4.440662446606416514e-01 4.387561533910011025e-01 -1.621305229149441474e-01 2.743338462327515326e-01 1.141766725629008716e-01 8.634308966460423340e-01 0.000000000000000000e+00 0.000000000000000000e+00 0.000000000000000000e+00 0.000000000000000000e+00
8.180367292591844697e-02 1.862565319006680153e-01 -6.132265251491317848e-01 -3.141133912679338058e-01 -6.797255522299623133e-03 -1.137888600152385937e-01 -4.261171214174911959e-01 -1.626315108294821565e-01 -4.092095235232515726e-01 1.055245360119704684e-01 -4.075958781496367700e-01 9.765267100650845133e-01 0.000000000000000000e+00 0.000000000000000000e+00 0.000000000000000000e+00
3.454880941474873790e-01 -6.884182553947058025e-01 6.431918238659590781e-01 1.199626120903363354e-02 -5.342510475442953100e-01 -3.902247400226414031e-01 3.810776288652946153e-01 -2.040696219038299897e-01 2.833045382412439639e-01 -1.312057487598319860e-02 -2.786315770169350836e-01 -4.789800238468767124e-01 7.105112837716803798e-01 0.000000000000000000e+00 0.000000000000000000e+00
9.677736410193493732e-02 7.184984041941089306e-01 -6.381100085816339140e-01 1.288071602721044540e-01 -2.587217172911403518e-01 4.926783385661808734e-01 -5.125379900099216735e-02 -4.967725196635341955e-01 -1.312816719169127289e-01 3.907448776355281761e-01 2.591049514930492959e-01 -4.519587877320902503e-01 1.541322265040917516e-01 6.103624953560926603e-01 0.000000000000000000e+00
-6.631004356470984185e-01 4.936443669393877354e-01 7.459566911460159266e-01 -4.554769883571047617e-01 -5.424538627805135238e-02 7.612161659379615419e-02 5.986947537499762162e-02 3.977510414873326738e-02 2.412738394976519651e-01 -1.151851558687330690e-01 5.462942049711936449e-02 -4.585032230536810194e-01 -3.082232315351607355e-01 2.802403044584776404e-01 6.457719472626436419e-01
