1.642914135373892526e+00 0.000000000000000000e+00 0.000000000000000000e+00 0.000000000000000000e+00 0.000000000000000000e+00 0.000000000000000000e+00 0.000000000000000000e+00 0.000000000000000000e+00 0.000000000000000000e+00 0.000000000000000000e+00 0.000000000000000000e+00 0.000000000000000000e+00 0.000000000000000000e+00 0.000000000000000000e+00 0.000000000000000000e+00 0.000000000000000000e+00 0.000000000000000000e+00 0.000000000000000000e+00
5.761759331956906038e-01 1.445098302913578658e+00 0.000000000000000000e+00 0.000000000000000000e+00 0.000000000000000000e+00 0.000000000000000000e+00 0.000000000000000000e+00 0.000000000000000000e+00 0.000000000000000000e+00 0.000000000000000000e+00 0.000000000000000000e+00 0.000000000000000000e+00 0.000000000000000000e+00 0.000000000000000000e+00 0.000000000000000000e+00 0.000000000000000000e+00 0.000000000000000000e+00 0.000000000000000000e+00
-2.472731258815008826e-01 3.427485760604543352e-01 1.538543373868516584e+00 0.000000000000000000e+00 0.000000000000000000e+00 0.000000000000000000e+00 0.000000000000000000e+00 0.000000000000000000e+00 0.000000000000000000e+00 0.000000000000000000e+00 0.000000000000000000e+00 0.000000000000000000e+00 0.000000000000000000e+00 0.000000000000000000e+00 0.000000000000000000e+00 0.000000000000000000e+00 0.000000000000000000e+00 0.000000000000000000e+00
-6.471634085886708299e-01 -2.696469993754989081e-01 -5.305960683853065962e-01 1.344343807539072344e+00 0.000000000000000000e+00 0.000000000000000000e+00 0.000000000000000000e+00 0.000000000000000000e+00 0.000000000000000000e+00 0.000000000000000000e+00 0.000000000000000000e+00 0.000000000000000000e+00 0.000000000000000000e+00 0.000000000000000000e+00 0.000000000000000000e+00 0.000000000000000000e+00 0.000000000000000000e+00 0.000000000000000000e+00
-5.651843545039022532e-01 -8.948783184118354328e-02 -3.750615831600007666e-01 3.225155261352323222e-01 1.296299740277574664e+00 0.000000000000000000e+00 0.000000000000000000e+00 0.000000000000000000e+00 0.000000000000000000e+00 0.000000000000000000e+00 0.000000000000000000e+00 0.000000000000000000e+00 0.000000000000000000e+00 0.000000000000000000e+00 0.000000000000000000e+00 0.000000000000000000e+00 0.000000000000000000e+00 0.000000000000000000e+00
-6.075781987901723857e-01 -5.997289414517904538e-01 -2.671513021121249554e-01 3.734968398524934341e-01 -5.079401120321470620e-01 1.122603098341712791e+00 0.000000000000000000e+00 0.000000000000000000e+00 0.000000000000000000e+00 0.000000000000000000e+00 0.000000000000000000e+00 0.000000000000000000e+00 0.000000000000000000e+00 0.000000000000000000e+00 0.000000000000000000e+00 0.000000000000000000e+00 0.000000000000000000e+00 0.000000000000000000e+00
6.345090357267217929e-01 -3.768480990274392650e-01 -9.343836978963063200e-02 -4.918786798333561472e-01 4.427208923072732949e-01 2.493933960541813433e-01 1.539980471127942785e+00 0.000000000000000000e+00 0.000000000000000000e+00 0.000000000000000000e+00 0.000000000000000000e+00 0.000000000000000000e+00 0.000000000000000000e+00 0.000000000000000000e+00 0.000000000000000000e+00 0.000000000000000000e+00 0.000000000000000000e+00 0.000000000000000000e+00
5.068165644780147083e-01 -6.824878660524649199e-01 -3.585876812227654642e-01 -4.395902629807346695e-01 3.814546497185350993e-01 -3.949410358175642899e-01 6.572321151438655917e-01 1.302884143664060579e+00 0.000000000000000000e+00 0.000000000000000000e+00 0.000000000000000000e+00 0.000000000000000000e+00 0.000000000000000000e+00 0.000000000000000000e+00 0.000000000000000000e+00 0.000000000000000000e+00 0.000000000000000000e+00 0.000000000000000000e+00
2.801331865183268391e-02 -5.004063925975851257e-01 1.969672900782747926e-01 -1.689470088697764827e-01 -3.970160051474324603e-01 4.502930989602607625e-01 -6.641194644715247009e-01 -5.611539687561127865e-01 1.173130415247559011e+00 0.000000000000000000e+00 0.000000000000000000e+00 0.000000000000000000e+00 0.000000000000000000e+00 0.000000000000000000e+00 0.000000000000000000e+00 0.000000000000000000e+00 0.000000000000000000e+00 0.000000000000000000e+00
-6.328613173800273772e-01 -5.874564852338011178e-01 -1.968451801597801420e-01 -1.740844242870997483e-01 -1.777615412246167856e-02 -3.586254555222713469e-02 -6.332290062033445466e-01 -5.227284430955627670e-01 3.555286209102554440e-01 9.954655683121155230e-01 0.000000000000000000e+00 0.000000000000000000e+00 0.000000000000000000e+00 0.000000000000000000e+00 0.000000000000000000e+00 0.000000000000000000e+00 0.000000000000000000e+00 0.000000000000000000e+00
-4.043056522515314222e-01 4.105683371711324470e-01 7.403634000080334676e-01 4.245294873859074003e-01 -6.454614723060773107e-01 2.319041551453432659e-01 1.432822911352621686e-01 5.277786163538056297e-01 2.077692263366363867e-01 -5.049039936407189594e-02 9.399809609185167947e-01 0.000000000000000000e+00 0.000000000000000000e+00 0.000000000000000000e+00 0.000000000000000000e+00 0.000000000000000000e+00 0.000000000000000000e+00 0.000000000000000000e+00
-7.803877431364986128e-01 7.109394474142994858e-01 6.935431307299136927e-01 -5.703466552175997517e-01 -1.212736132006755618e-01 -4.448651552746912818e-01 7.147197332491918020e-01 4.428766016803013517e-01 4.600467781192285055e-01 -4.730215592630958032e-01 -4.066168209918802345e-01 9.099086589946726589e-01 0.000000000000000000e+00 0.000000000000000000e+00 0.000000000000000000e+00 0.000000000000000000e+00 0.000000000000000000e+00 0.000000000000000000e+00
7.954507194677056248e-01 -4.694950855670171341e-01 -5.328797282996845519e-01 2.344305407090319093e-01 -2.493545044632199392e-01 -1.921813033821866828e-02 -6.241075509738641669e-01 -3.846796771628299694e-01 2.688935853498310991e-01 -2.483400827531957455e-01 8.675364686876138945e-03 4.004400730658709273e-01 7.359851560894395961e-01 0.000000000000000000e+00 0.000000000000000000e+00 0.000000000000000000e+00 0.000000000000000000e+00 0.000000000000000000e+00
-8.182620935269075968e-01 -4.652947820726167638e-01 6.638859860459800366e-01 8.776977441889275214e-03 -2.150375546890266054e-01 -1.365349283690777960e-01 -4.112380201353490333e-02 4.042378474382043452e-01 5.408730943860504681e-01 4.058010906678735652e-01 -8.215367000435583322e-02 4.135483801841190465e-01 -3.474906277159826029e-01 7.307959998809525626e-01 0.000000000000000000e+00 0.000000000000000000e+00 0.000000000000000000e+00 0.000000000000000000e+00
-6.839908252038233716e-01 2.091979068501652050e-01 -3.113498523048726652e-01 -2.115884582833058303e-01 -6.188098125004544148e-01 -4.651220393926320251e-01 6.961648593196395618e-01 6.247340370032211654e-01 4.321470127908509928e-01 1.093622872664954115e-01 2.446829253939504512e-01 -1.492180188449649669e-01 -3.355559198541940291e-01 3.449131000783121070e-01 6.677679296767647932e-01 0.000000000000000000e+00 0.000000000000000000e+00 0.000000000000000000e+00
-8.069109013959644416e-01 5.114467489860171634e-01 6.435125734135762610e-01 -2.260772433960366312e-01 -2.264264933507515731e-01 -3.356321150101684303e-01 -3.295815664262936595e-01 -5.035090175446970129e-01 7.547910025582023341e-02 -8.249426627491897313e-02 2.604775300016161088e-01 2.171286004023075256e-01 -3.667838596935358297e-01 3.350430777213417310e-01 -2.201419893391253213e-01 5.894212335464004138e-01 0.000000000000000000e+00 0.000000000000000000e+00
-4.234448812394547845e-01 -3.902448669273796966e-01 -6.805001729406715549e-01 -5.291975377029440875e-01 -1.229302858928075087e-01 4.449477532948012404e-01 -6.474378012562171936e-01 2.290248330915567454e-01 -3.319488487292826528e-01 8.686554106621259541e-02 -3.895068175466255278e-01 2.626682676816347040e-01 -1.813526235106203421e-01 5.306640657524190618e-02 -2.357732274496988356e-01 -1.940512011421996474e-01 5.065588269658942711e-01 0.000000000000000000e+00
4.197869066874294619e-01 6.409160131987122755e-01 2.984635698957002203e-01 -1.493297682242914204e-01 3.216673344751516117e-01 7.229428675505632229e-02 6.001943710366056672e-01 -5.081718424269539014e-01 -3.714227840685417337e-01 4.759375024566068202e-01 -4.297996031907934666e-01 1.947757869696272459e-01 -1.033658004081966786e-01 3.431837862824300145e-01 -7.398419195113238589e-02 2.729086394019393236e-01 3.279262319119629482e-02 6.511471335728205023e-01
