1.583935545713754944e+00 0.000000000000000000e+00 0.000000000000000000e+00 0.000000000000000000e+00 0.000000000000000000e+00 0.000000000000000000e+00 0.000000000000000000e+00 0.000000000000000000e+00 0.000000000000000000e+00 0.000000000000000000e+00
6.339264199812152389e-01 1.265834671718323534e+00 0.000000000000000000e+00 0.000000000000000000e+00 0.000000000000000000e+00 0.000000000000000000e+00 0.000000000000000000e+00 0.000000000000000000e+00 0.000000000000000000e+00 0.000000000000000000e+00
-6.340248977180907852e-01 3.190394209153072924e-01 1.224129940491055057e+00 0.000000000000000000e+00 0.000000000000000000e+00 0.000000000000000000e+00 0.000000000000000000e+00 0.000000000000000000e+00 0.000000000000000000e+00 0.000000000000000000e+00
-6.345405328010792489e-01 -4.765058072350283336e-01 6.111517080157924386e-01 9.987267444771469327e-01 0.000000000000000000e+00 0.000000000000000000e+00 0.000000000000000000e+00 0.000000000000000000e+00 0.000000000000000000e+00 0.000000000000000000e+00
6.331445421956986008e-01 4.746801375630013697e-01 2.029166805529435680e-01 4.985967464010365169e-01 1.040758603750767008e+00 0.000000000000000000e+00 0.000000000000000000e+00 0.000000000000000000e+00 0.000000000000000000e+00 0.000000000000000000e+00
6.342361300564638427e-01 -3.136918862358623050e-01 -4.093740792389324312e-01 -4.979277639846595993e-01 8.001381279112385059e-02 1.037914073402337101e+00 0.000000000000000000e+00 0.000000000000000000e+00 0.000000000000000000e+00 0.000000000000000000e+00
6.329384083642097814e-01 -3.206146896609379793e-01 -4.079561219314171150e-01 4.988055656148245864e-01 -4.001205182056141729e-01 -3.713697767745200995e-01 8.864407617366952818e-01 0.000000000000000000e+00 0.000000000000000000e+00 0.000000000000000000e+00
6.341121266651728039e-01 4.767221044342495051e-01 2.068614673230476653e-01 -4.982045761962448083e-01 -4.008724488853830370e-01 -3.704030947894601522e-01 -2.421018909375558248e-01 8.528782289838762187e-01 0.000000000000000000e+00 0.000000000000000000e+00
6.325883420291384951e-01 -3.216214547867626283e-01 -4.078260126832593535e-01 4.986460227048977178e-01 -3.997492643167052662e-01 -3.699685068723467252e-01 -2.416940034223640787e-01 -3.200351406006465282e-01 7.910573881234811422e-01 0.000000000000000000e+00
-6.332723302461785719e-01 -4.704232877339975527e-01 6.099409782462777985e-01 -3.591900013463464911e-04 4.804912858697473199e-01 4.451342944345197949e-01 -1.607463877743162128e-01 -2.140584114438982555e-01 -3.162996360105480576e-01 6.314735429091743457e-01
