1.665770957463819313e+00 0.000000000000000000e+00 0.000000000000000000e+00 0.000000000000000000e+00 0.000000000000000000e+00 0.000000000000000000e+00 0.000000000000000000e+00 0.000000000000000000e+00 0.000000000000000000e+00 0.000000000000000000e+00 0.000000000000000000e+00 0.000000000000000000e+00 0.000000000000000000e+00 0.000000000000000000e+00 0.000000000000000000e+00 0.000000000000000000e+00 0.000000000000000000e+00 0.000000000000000000e+00 0.000000000000000000e+00 0.000000000000000000e+00 0.000000000000000000e+00
-7.904768911221075056e-01 1.450477705352617441e+00 0.000000000000000000e+00 0.000000000000000000e+00 0.000000000000000000e+00 0.000000000000000000e+00 0.000000000000000000e+00 0.000000000000000000e+00 0.000000000000000000e+00 0.000000000000000000e+00 0.000000000000000000e+00 0.000000000000000000e+00 0.000000000000000000e+00 0.000000000000000000e+00 0.000000000000000000e+00 0.000000000000000000e+00 0.000000000000000000e+00 0.000000000000000000e+00 0.000000000000000000e+00 0.000000000000000000e+00 0.000000000000000000e+00
8.288566495991903649e-01 1.718094772428794756e-02 1.385439805508769773e+00 0.000000000000000000e+00 0.000000000000000000e+00 0.000000000000000000e+00 0.000000000000000000e+00 0.000000000000000000e+00 0.000000000000000000e+00 0.000000000000000000e+00 0.000000000000000000e+00 0.000000000000000000e+00 0.000000000000000000e+00 0.000000000000000000e+00 0.000000000000000000e+00 0.000000000000000000e+00 0.000000000000000000e+00 0.000000000000000000e+00 0.000000000000000000e+00 0.000000000000000000e+00 0.000000000000000000e+00
-1.053542257211625838e-01 -4.890025288494699862e-01 2.193492848328144063e-01 1.567769063843390098e+00 0.000000000000000000e+00 0.000000000000000000e+00 0.000000000000000000e+00 0.000000000000000000e+00 0.000000000000000000e+00 0.000000000000000000e+00 0.000000000000000000e+00 0.000000000000000000e+00 0.000000000000000000e+00 0.000000000000000000e+00 0.000000000000000000e+00 0.000000000000000000e+00 0.000000000000000000e+00 0.000000000000000000e+00 0.000000000000000000e+00 0.000000000000000000e+00 0.000000000000000000e+00
-5.924569872641870516e-01 -1.722424800025968983e-01 -6.072284696744656429e-01 1.447737704591613994e-01 1.406844092274822211e+00 0.000000000000000000e+00 0.000000000000000000e+00 0.000000000000000000e+00 0.000000000000000000e+00 0.000000000000000000e+00 0.000000000000000000e+00 0.000000000000000000e+00 0.000000000000000000e+00 0.000000000000000000e+00 0.000000000000000000e+00 0.000000000000000000e+00 0.000000000000000000e+00 0.000000000000000000e+00 0.000000000000000000e+00 0.000000000000000000e+00 0.000000000000000000e+00
-6.374098936624723599e-01 5.734633047486696888e-01 4.294799477477122540e-01 -4.286911510587851915e-01 6.557736463583324626e-01 1.257982954838847256e+00 0.000000000000000000e+00 0.000000000000000000e+00 0.000000000000000000e+00 0.000000000000000000e+00 0.000000000000000000e+00 0.000000000000000000e+00 0.000000000000000000e+00 0.000000000000000000e+00 0.000000000000000000e+00 0.000000000000000000e+00 0.000000000000000000e+00 0.000000000000000000e+00 0.000000000000000000e+00 0.000000000000000000e+00 0.000000000000000000e+00
-1.036657770920887123e-01 5.124926597195287314e-01 3.836765144960483931e-01 1.925063898142015673e-01 -6.547124948076085138e-01 6.127964320547397703e-01 1.234414691872236958e+00 0.000000000000000000e+00 0.000000000000000000e+00 0.000000000000000000e+00 0.000000000000000000e+00 0.000000000000000000e+00 0.000000000000000000e+00 0.000000000000000000e+00 0.000000000000000000e+00 0.000000000000000000e+00 0.000000000000000000e+00 0.000000000000000000e+00 0.000000000000000000e+00 0.000000000000000000e+00 0.000000000000000000e+00
-2.321050500002894701e-01 4.114897910336852704e-01 3.884015835403650807e-01 -6.661237841018399219e-01 3.694829004309913012e-01 1.711536217720564523e-01 4.934127732506654040e-01 1.221523426442365334e+00 0.000000000000000000e+00 0.000000000000000000e+00 0.000000000000000000e+00 0.000000000000000000e+00 0.000000000000000000e+00 0.000000000000000000e+00 0.000000000000000000e+00 0.000000000000000000e+00 0.000000000000000000e+00 0.000000000000000000e+00 0.000000000000000000e+00 0.000000000000000000e+00 0.000000000000000000e+00
7.461182348687710464e-01 -4.633836746902579851e-01 -6.919561662803787039e-01 -7.134184285429462369e-02 2.475272564171811518e-01 3.067040513514036615e-01 5.620539513184371616e-01 -2.398929071569569360e-01 1.185101639590171230e+00 0.000000000000000000e+00 0.000000000000000000e+00 0.000000000000000000e+00 0.000000000000000000e+00 0.000000000000000000e+00 0.000000000000000000e+00 0.000000000000000000e+00 0.000000000000000000e+00 0.000000000000000000e+00 0.000000000000000000e+00 0.000000000000000000e+00 0.000000000000000000e+00
-5.707875432517116598e-01 3.487163142829969448e-02 -2.723230812732433948e-01 -2.154860290663961619e-01 -4.064144833265136980e-01 -2.540113965449334876e-01 -1.858730134389314781e-01 -3.218644755953668501e-01 5.161189860495269954e-01 1.205284702167238375e+00 0.000000000000000000e+00 0.000000000000000000e+00 0.000000000000000000e+00 0.000000000000000000e+00 0.000000000000000000e+00 0.000000000000000000e+00 0.000000000000000000e+00 0.000000000000000000e+00 0.000000000000000000e+00 0.000000000000000000e+00 0.000000000000000000e+00
1.647225974552884720e-01 5.704994337101696456e-01 -4.251104743153806820e-01 -3.358218993085929083e-01 -4.899949297610815546e-01 -1.673155237850151855e-02 -5.631558075840784605e-01 -2.822279850673677926e-01 -1.971294301114697445e-01 1.207852982013594423e-01 1.240330416578669048e+00 0.000000000000000000e+00 0.000000000000000000e+00 0.000000000000000000e+00 0.000000000000000000e+00 0.000000000000000000e+00 0.000000000000000000e+00 0.000000000000000000e+00 0.000000000000000000e+00 0.000000000000000000e+00 0.000000000000000000e+00
3.544731010034913449e-02 4.461026344624072770e-01 5.091596029132954282e-01 -3.034759829157062105e-01 -5.722301138840099055e-01 -5.448124378159692194e-01 2.821765992849404325e-01 7.277161524067775333e-02 -8.825625095977093770e-02 1.789030405035075544e-01 6.038963486876333109e-01 9.306995786761347311e-01 0.000000000000000000e+00 0.000000000000000000e+00 0.000000000000000000e+00 0.000000000000000000e+00 0.000000000000000000e+00 0.000000000000000000e+00 0.000000000000000000e+00 0.000000000000000000e+00 0.000000000000000000e+00
4.707591781754742744e-02 -5.867695212551217177e-01 -4.381111825268246274e-01 5.221332502577621382e-01 -1.776083654954282720e-01 1.573152758579920985e-01 5.621058311436617494e-01 6.069242012941811204e-01 -2.042616086825134458e-01 -3.711657628457900038e-01 2.715245093789240838e-01 -3.881117202373911557e-01 9.215487543216632771e-01 0.000000000000000000e+00 0.000000000000000000e+00 0.000000000000000000e+00 0.000000000000000000e+00 0.000000000000000000e+00 0.000000000000000000e+00 0.000000000000000000e+00 0.000000000000000000e+00
-3.986687937845117546e-01 4.076120284111787173e-01 -5.936139481200796153e-01 4.586047191579707971e-01 -1.637746645790767452e-01 4.213664572168804856e-01 -2.719218148589285788e-01 5.105200436740399139e-01 -5.183907227223102376e-01 -4.307795264236488064e-01 4.255397123012925054e-01 3.899248537242105406e-01 4.151045433467180357e-01 8.008107358020833955e-01 0.000000000000000000e+00 0.000000000000000000e+00 0.000000000000000000e+00 0.000000000000000000e+00 0.000000000000000000e+00 0.000000000000000000e+00 0.000000000000000000e+00
-2.296041514361717162e-01 -4.341505883793755349e-01 5.328654167511811535e-01 -6.488996236181321375e-01 6.580328886700238522e-01 -5.371721094858307177e-01 -6.149732804335400482e-01 5.151797008094661789e-01 4.025997711023716064e-01 -3.193845261186696316e-01 -5.922134420295829260e-01 2.158736289139455422e-02 1.426575153032210996e-01 3.927386235310017515e-01 8.681037138712300871e-01 0.000000000000000000e+00 0.000000000000000000e+00 0.000000000000000000e+00 0.000000000000000000e+00 0.000000000000000000e+00 0.000000000000000000e+00
8.057998080469099822e-01 -2.963051886704897164e-01 -2.856291107877986235e-01 3.751909610860608701e-01 2.341686958821000142e-01 5.472264150606366284e-01 4.486278186648979399e-02 5.226667039373213974e-01 5.282433049210653042e-01 1.795887225069526735e-02 -4.633904896790950190e-01 5.291856901895595350e-02 -1.044471696999438315e-01 -6.191171573263735961e-02 -4.338280446612490238e-01 6.807053970856162817e-01 0.000000000000000000e+00 0.000000000000000000e+00 0.000000000000000000e+00 0.000000000000000000e+00 0.000000000000000000e+00
6.426443710396912978e-01 5.839034215867411337e-01 6.101398824552196620e-01 -5.850521579457835797e-01 -1.865678078843359122e-01 4.342135186603350849e-01 5.291407545616714225e-01 -2.165948478908209796e-02 -7.213686096364969880e-02 -3.928206387023593371e-01 -7.494521125833842126e-03 -1.940955585088746382e-01 -1.196236806057552615e-01 -1.548830986824095424e-01 4.139384119725945665e-01 6.733211573926962609e-03 7.036931424218655362e-01 0.000000000000000000e+00 0.000000000000000000e+00 0.000000000000000000e+00 0.000000000000000000e+00
5.674704707850369845e-01 -4.589679634629904581e-01 -6.886762157126896655e-01 -6.263841923262486455e-01 -5.558822517046104750e-01 3.415395118134101904e-01 2.223762134975668450e-02 4.975881319559016976e-04 4.170366292451332946e-01 1.750915122216286091e-01 -2.133686788765989106e-01 -4.484395773227255466e-01 2.130602605906329328e-01 5.220570717499391222e-02 4.207646987451451048e-01 3.296224733075619473e-01 -1.616368398688292074e-01 6.299205105704062113e-01 0.000000000000000000e+00 0.000000000000000000e+00 0.000000000000000000e+00
1.897925941760742474e-01 6.862872478550856581e-01 -2.135858755430647959e-01 -6.599825154809541017e-01 8.737123458974641044e-02 -3.436872320123419700e-01 -1.294211104444557836e-01 -1.993419949255155477e-01 -5.757952767338427869e-01 5.006920987273795198e-01 2.063742105735963395e-01 -9.678343696448657441e-02 -3.729763187539594793e-01 3.255982781512345992e-01 -3.322440669394503554e-01 -2.936994046460055796e-01 -1.074368533081856286e-01 -3.054212927643897291e-01 6.507928971603912371e-01 0.000000000000000000e+00 0.000000000000000000e+00
5.402433951031051507e-01 4.778471568930538482e-01 -5.165268819329137395e-01 -3.973963885794776774e-01 8.787016323093960191e-02 -1.642567113009478774e-01 -5.659657246759886018e-01 6.067000638459524309e-01 -1.771959463270335322e-01 4.670851342287761776e-01 -2.579941348416922575e-01 -2.238860087048183956e-01 3.046596986582666422e-01 1.545441332546561575e-01 -1.397694184055823796e-01 -3.758168301898092995e-03 -3.148546090512642226e-01 -2.209442484634794590e-01 1.657337853780966319e-01 6.335969984590126280e-01 0.000000000000000000e+00
2.709724394943792691e-01 -6.547392025117926284e-01 -4.187792299393641171e-01 -1.885196588755674862e-01 -6.450757793930618211e-01 -3.070834141839642525e-02 -1.128769952618845912e-01 -3.129958101935559900e-01 -4.955393831530529036e-01 -1.303219675532932831e-01 -5.632938429685655501e-01 2.833641793816103482e-01 1.358762624228143090e-01 1.035696238514952072e-01 -2.782069116595993208e-01 -1.077386797468017493e-01 3.456828805798455861e-01 5.036218822750808399e-02 -3.213103423919438373e-01 -2.146307408192969501e-01 5.432805341589428405e-01
