1.388399702212178122e+00 0.000000000000000000e+00 0.000000000000000000e+00 0.000000000000000000e+00 0.000000000000000000e+00 0.000000000000000000e+00 0.000000000000000000e+00 0.000000000000000000e+00 0.000000000000000000e+00 0.000000000000000000e+00 0.000000000000000000e+00
6.911755196188757999e-01 1.211387186670825900e+00 0.000000000000000000e+00 0.000000000000000000e+00 0.000000000000000000e+00 0.000000000000000000e+00 0.000000000000000000e+00 0.000000000000000000e+00 0.000000000000000000e+00 0.000000000000000000e+00 0.000000000000000000e+00
-6.938722615102065339e-01 4.065145510623267011e-01 1.140510272663866509e+00 0.000000000000000000e+00 0.000000000000000000e+00 0.000000000000000000e+00 0.000000000000000000e+00 0.000000000000000000e+00 0.000000000000000000e+00 0.000000000000000000e+00 0.000000000000000000e+00
6.919928557882749631e-01 -4.085935413582121867e-01 -2.867376586616174339e-01 1.104499957718781733e+00 0.000000000000000000e+00 0.000000000000000000e+00 0.000000000000000000e+00 0.000000000000000000e+00 0.000000000000000000e+00 0.000000000000000000e+00 0.000000000000000000e+00
6.936656698825569567e-01 -4.040078976782188747e-01 5.688507612467386121e-01 4.428005767603183651e-01 1.196538265195109307e+00 0.000000000000000000e+00 0.000000000000000000e+00 0.000000000000000000e+00 0.000000000000000000e+00 0.000000000000000000e+00 0.000000000000000000e+00
-6.938477326846318460e-01 -4.079174081433635801e-01 -2.877435342459053191e-01 2.202508632552500345e-01 -4.900478171607931532e-01 9.645183973593989268e-01 0.000000000000000000e+00 0.000000000000000000e+00 0.000000000000000000e+00 0.000000000000000000e+00 0.000000000000000000e+00
6.924762928234776682e-01 -4.089056444376258370e-01 -2.861595240172147836e-01 2.245751357470401610e-01 3.261993745603742889e-01 3.675111381277145206e-01 9.636405866680639587e-01 0.000000000000000000e+00 0.000000000000000000e+00 0.000000000000000000e+00 0.000000000000000000e+00
6.922858257909969559e-01 4.000310389763920838e-01 -5.691264341912480873e-01 4.443068281286561838e-01 -4.374284193903746898e-01 1.849397007065581300e-01 4.804106447607459085e-01 9.862206783003341082e-01 0.000000000000000000e+00 0.000000000000000000e+00 0.000000000000000000e+00
-6.939373455124281387e-01 4.068598351214509079e-01 -5.701570939900204582e-01 -4.436342776621571837e-01 -3.819292754840196702e-01 4.147852221897693203e-01 -4.349380485917245243e-01 4.928177000712737343e-01 8.260373049516260835e-01 0.000000000000000000e+00 0.000000000000000000e+00
6.899331245331017382e-01 3.993025298559886860e-01 -5.701490620447758895e-01 4.437365815000546276e-01 3.788923642579984929e-01 -4.120274644163441358e-01 4.335491636783929126e-01 4.926464290126642553e-01 -2.362554483947763018e-01 7.920039331034418595e-01 0.000000000000000000e+00
6.938980229459119631e-01 4.057006075678789014e-01 2.870501182877780999e-01 -2.218595414130601073e-01 -3.249827786483739933e-01 -3.689485848416549363e-01 4.944103070680799794e-02 -4.925597312496822200e-01 -3.549210727058823012e-01 -3.523985518560034391e-01 6.577855258264644345e-01
