1.611508255828816294e+00 0.000000000000000000e+00 0.000000000000000000e+00 0.000000000000000000e+00 0.000000000000000000e+00 0.000000000000000000e+00 0.000000000000000000e+00 0.000000000000000000e+00 0.000000000000000000e+00 0.000000000000000000e+00 0.000000000000000000e+00 0.000000000000000000e+00 0.000000000000000000e+00 0.000000000000000000e+00 0.000000000000000000e+00 0.000000000000000000e+00 0.000000000000000000e+00 0.000000000000000000e+00 0.000000000000000000e+00
-5.944043093995671212e-01 1.474473577510590161e+00 0.000000000000000000e+00 0.000000000000000000e+00 0.000000000000000000e+00 0.000000000000000000e+00 0.000000000000000000e+00 0.000000000000000000e+00 0.000000000000000000e+00 0.000000000000000000e+00 0.000000000000000000e+00 0.000000000000000000e+00 0.000000000000000000e+00 0.000000000000000000e+00 0.000000000000000000e+00 0.000000000000000000e+00 0.000000000000000000e+00 0.000000000000000000e+00 0.000000000000000000e+00
-8.650129999471188602e-02 7.032198976868168083e-01 1.502384736798775711e+00 0.000000000000000000e+00 0.000000000000000000e+00 0.000000000000000000e+00 0.000000000000000000e+00 0.000000000000000000e+00 0.000000000000000000e+00 0.000000000000000000e+00 0.000000000000000000e+00 0.000000000000000000e+00 0.000000000000000000e+00 0.000000000000000000e+00 0.000000000000000000e+00 0.000000000000000000e+00 0.000000000000000000e+00 0.000000000000000000e+00 0.000000000000000000e+00
-3.229614940813691493e-01 -4.344994219952978409e-01 -4.864861385331997190e-01 1.551057934566212992e+00 0.000000000000000000e+00 0.000000000000000000e+00 0.000000000000000000e+00 0.000000000000000000e+00 0.000000000000000000e+00 0.000000000000000000e+00 0.000000000000000000e+00 0.000000000000000000e+00 0.000000000000000000e+00 0.000000000000000000e+00 0.000000000000000000e+00 0.000000000000000000e+00 0.000000000000000000e+00 0.000000000000000000e+00 0.000000000000000000e+00
-2.370757318216077658e-01 6.342508678643658804e-02 -4.574975381245377504e-01 6.952239835463192019e-01 1.418730951607232393e+00 0.000000000000000000e+00 0.000000000000000000e+00 0.000000000000000000e+00 0.000000000000000000e+00 0.000000000000000000e+00 0.000000000000000000e+00 0.000000000000000000e+00 0.000000000000000000e+00 0.000000000000000000e+00 0.000000000000000000e+00 0.000000000000000000e+00 0.000000000000000000e+00 0.000000000000000000e+00 0.000000000000000000e+00
-3.002780984994013469e-02 3.719667906933422641e-01 7.115032319467003985e-01 6.495347718766190104e-01 2.457981638175208428e-01 1.215629070033499293e+00 0.000000000000000000e+00 0.000000000000000000e+00 0.000000000000000000e+00 0.000000000000000000e+00 0.000000000000000000e+00 0.000000000000000000e+00 0.000000000000000000e+00 0.000000000000000000e+00 0.000000000000000000e+00 0.000000000000000000e+00 0.000000000000000000e+00 0.000000000000000000e+00 0.000000000000000000e+00
7.213797014090745918e-01 2.344518251941971332e-01 -4.345212528978596445e-01 6.406763885993984609e-01 3.718925940154239190e-02 -4.555378171948121224e-01 1.091090885462539850e+00 0.000000000000000000e+00 0.000000000000000000e+00 0.000000000000000000e+00 0.000000000000000000e+00 0.000000000000000000e+00 0.000000000000000000e+00 0.000000000000000000e+00 0.000000000000000000e+00 0.000000000000000000e+00 0.000000000000000000e+00 0.000000000000000000e+00 0.000000000000000000e+00
-4.440608371237840801e-01 -5.092954203391456547e-01 4.157982700014719035e-01 -6.568855003522970915e-01 3.946775454636805014e-01 -3.577781273118386118e-01 -1.295567787568017715e-01 1.109382128014303692e+00 0.000000000000000000e+00 0.000000000000000000e+00 0.000000000000000000e+00 0.000000000000000000e+00 0.000000000000000000e+00 0.000000000000000000e+00 0.000000000000000000e+00 0.000000000000000000e+00 0.000000000000000000e+00 0.000000000000000000e+00 0.000000000000000000e+00
6.489737033117323195e-01 3.819324757563746231e-01 4.810466286073725173e-01 6.691923462997124705e-01 -3.108439982041710237e-01 4.628343656854134736e-01 3.066905055910210121e-01 5.035495926932803679e-01 1.018518391619249730e+00 0.000000000000000000e+00 0.000000000000000000e+00 0.000000000000000000e+00 0.000000000000000000e+00 0.000000000000000000e+00 0.000000000000000000e+00 0.000000000000000000e+00 0.000000000000000000e+00 0.000000000000000000e+00 0.000000000000000000e+00
7.376360899941253324e-01 6.371818787458766176e-01 -2.008921539151866387e-01 2.269922873062124313e-01 6.941214790670607870e-01 -2.540278272251967895e-01 -3.557691718361813416e-01 -2.304009960955036573e-01 -4.927109895598812961e-01 8.310754228322014825e-01 0.000000000000000000e+00 0.000000000000000000e+00 0.000000000000000000e+00 0.000000000000000000e+00 0.000000000000000000e+00 0.000000000000000000e+00 0.000000000000000000e+00 0.000000000000000000e+00 0.000000000000000000e+00
5.622318810874875616e-01 7.237557537425165499e-01 -5.515804182676886658e-01 -4.725551325511940792e-01 -4.956695495967577969e-01 -8.149881010753159960e-02 -2.416404630491429673e-01 4.698470022257202894e-01 -3.858931653633593251e-02 -2.072913029639454063e-01 8.161964084804685937e-01 0.000000000000000000e+00 0.000000000000000000e+00 0.000000000000000000e+00 0.000000000000000000e+00 0.000000000000000000e+00 0.000000000000000000e+00 0.000000000000000000e+00 0.000000000000000000e+00
3.985553658538598665e-01 3.514867705007467813e-01 -7.051869051706599612e-01 -6.425627760997383309e-01 -5.530123894695033737e-01 -2.172861433078606685e-01 -2.344573454837498017e-01 8.374216230092998425e-02 -4.595106928765877452e-01 2.256829922625417928e-01 -9.014743699729081683e-02 9.699695863656365713e-01 0.000000000000000000e+00 0.000000000000000000e+00 0.000000000000000000e+00 0.000000000000000000e+00 0.000000000000000000e+00 0.000000000000000000e+00 0.000000000000000000e+00
7.429973232692977936e-01 -5.260138029578269592e-01 1.302013295974839557e-01 -1.668957506215766884e-01 6.640010088721678416e-01 1.004804934643844933e-01 3.798787649378200237e-01 -4.184598490084137645e-02 3.085303517540727847e-01 2.532309788192659283e-01 4.059610145159532890e-01 -3.914793824644079434e-01 8.946746955269501145e-01 0.000000000000000000e+00 0.000000000000000000e+00 0.000000000000000000e+00 0.000000000000000000e+00 0.000000000000000000e+00 0.000000000000000000e+00
-2.291425945511090523e-01 6.712628816907857399e-01 -4.960467286109054297e-01 3.239148450817730951e-01 4.641475127786844346e-01 1.987354230769293809e-02 2.063492486242629251e-02 4.467774706993044020e-01 -5.708783989150984645e-02 3.270786339136467769e-01 3.701928822649163675e-01 3.388445836447978587e-01 -1.414666445039207410e-01 9.161760486965179195e-01 0.000000000000000000e+00 0.000000000000000000e+00 0.000000000000000000e+00 0.000000000000000000e+00 0.000000000000000000e+00
-1.482026389511154063e-02 -7.054012173986544676e-01 -8.663355722604516862e-02 5.508830761699240464e-01 5.333661834918528299e-01 -2.416382482922700137e-01 6.970750782100734733e-02 -4.571325988792826478e-01 3.729395600696351343e-01 1.077322207990719510e-01 -2.093101268945437854e-01 4.775420748769882984e-01 3.365983123861305826e-01 3.803396675064490418e-01 7.994811721019097206e-01 0.000000000000000000e+00 0.000000000000000000e+00 0.000000000000000000e+00 0.000000000000000000e+00
7.955403741217619284e-01 4.241290541117911372e-01 7.436099808872945749e-01 4.436229452116430827e-01 -6.751272274550023100e-01 -4.477703118997290455e-01 3.668436432411052439e-01 4.509058842739036010e-02 1.236064735536074183e-01 -1.227263487079616189e-01 -3.899828308678363747e-02 -3.411508189321944551e-01 3.802322524186824149e-01 3.887285469495769807e-01 -2.345400209449719775e-01 7.858570553031964945e-01 0.000000000000000000e+00 0.000000000000000000e+00 0.000000000000000000e+00
4.875358144553570416e-01 -1.425007012500002501e-01 6.396573626516508515e-01 -3.828069734031633309e-02 6.470678442973969435e-01 3.197841847934008164e-01 -1.302248374216146559e-03 4.621509769053509104e-02 -2.382030521146203117e-01 -3.540967227478788448e-01 -3.311522772964373695e-01 -1.380490625542048905e-02 -4.444680318512372330e-01 -2.988902422207128096e-01 3.838161873395303791e-01 3.841343350082538355e-01 6.977101348857722707e-01 0.000000000000000000e+00 0.000000000000000000e+00
-6.521973173197337381e-02 7.185833023296233080e-01 4.438673989956495869e-01 7.238937851563541637e-01 2.787706293927264545e-01 -1.046083976628142329e-02 6.074378532387417901e-02 9.593054245169872762e-02 -4.620583506818425890e-01 2.773300797537361917e-01 1.853569641479992369e-01 -4.237146927083612069e-01 2.707981805591232471e-01 -6.078266646504976167e-02 -3.094220863777269459e-01 -1.798979002556176376e-01 -1.452832753605792504e-01 6.202537397123336627e-01 0.000000000000000000e+00
-1.252695500252768990e-01 -7.184458964275219905e-01 7.411334571802508098e-01 6.353017306341081361e-02 5.429262963387381236e-01 -1.805195421872224926e-01 -4.964294866332932821e-01 2.971080814540328907e-01 9.698395682149313357e-02 2.842049137470887277e-01 -2.353634633930886122e-01 -4.337995959812565583e-01 -2.071473214373784622e-01 -2.122263332342270992e-01 -3.036656156883270063e-01 -3.885139519073451120e-01 -2.140048852945978519e-01 -1.869814519301200295e-01 5.792628212231923923e-01
