1.383141971600493125e+00 0.000000000000000000e+00 0.000000000000000000e+00 0.000000000000000000e+00 0.000000000000000000e+00 0.000000000000000000e+00 0.000000000000000000e+00 0.000000000000000000e+00 0.000000000000000000e+00 0.000000000000000000e+00 0.000000000000000000e+00 0.000000000000000000e+00 0.000000000000000000e+00
-6.788344158711362430e-01 1.235670654634444032e+00 0.000000000000000000e+00 0.000000000000000000e+00 0.000000000000000000e+00 0.000000000000000000e+00 0.000000000000000000e+00 0.000000000000000000e+00 0.000000000000000000e+00 0.000000000000000000e+00 0.000000000000000000e+00 0.000000000000000000e+00 0.000000000000000000e+00
-6.796244816216276963e-01 -4.390077231560438054e-01 1.153706343642907584e+00 0.000000000000000000e+00 0.000000000000000000e+00 0.000000000000000000e+00 0.000000000000000000e+00 0.000000000000000000e+00 0.000000000000000000e+00 0.000000000000000000e+00 0.000000000000000000e+00 0.000000000000000000e+00 0.000000000000000000e+00
-6.666042476320246379e-01 4.405629745225809191e-01 -3.146820753707144092e-01 1.293844967012006464e+00 0.000000000000000000e+00 0.000000000000000000e+00 0.000000000000000000e+00 0.000000000000000000e+00 0.000000000000000000e+00 0.000000000000000000e+00 0.000000000000000000e+00 0.000000000000000000e+00 0.000000000000000000e+00
6.814375059122810274e-01 4.349167283759798885e-01 -2.830609209065928500e-01 -5.407902133269606448e-01 1.265296006868962930e+00 0.000000000000000000e+00 0.000000000000000000e+00 0.000000000000000000e+00 0.000000000000000000e+00 0.000000000000000000e+00 0.000000000000000000e+00 0.000000000000000000e+00 0.000000000000000000e+00
-6.744046837355122115e-01 4.535405330898914511e-01 -2.904135632166952585e-01 5.190697068967113914e-01 4.816443371246580396e-01 1.082109227088655867e+00 0.000000000000000000e+00 0.000000000000000000e+00 0.000000000000000000e+00 0.000000000000000000e+00 0.000000000000000000e+00 0.000000000000000000e+00 0.000000000000000000e+00
6.795600716712844047e-01 -3.953103158021178398e-01 -5.754305498852138046e-01 3.007596505423094091e-01 -4.642591332736786258e-01 4.072564622648238708e-01 1.019507588172863244e+00 0.000000000000000000e+00 0.000000000000000000e+00 0.000000000000000000e+00 0.000000000000000000e+00 0.000000000000000000e+00 0.000000000000000000e+00
-6.721784527311598367e-01 3.858618458525920336e-01 5.666848133952007149e-01 4.374373738942501366e-01 -5.040963187475608898e-01 -3.972040935683577856e-01 -4.632542125668765443e-01 9.028659727209605856e-01 0.000000000000000000e+00 0.000000000000000000e+00 0.000000000000000000e+00 0.000000000000000000e+00 0.000000000000000000e+00
6.810411133420648522e-01 -4.246944087433835446e-01 2.991022259792872062e-01 -2.021067565519469311e-01 -2.726025287200155023e-01 -1.547280741637632392e-02 4.282306252747009045e-01 -4.130695373680716154e-01 8.825413029623428995e-01 0.000000000000000000e+00 0.000000000000000000e+00 0.000000000000000000e+00 0.000000000000000000e+00
-6.856849634522019787e-01 4.288411631053291595e-01 -2.914862917045418222e-01 1.888761300681425226e-01 2.802459285269567890e-01 2.121442542119293326e-02 -4.301608565457301636e-01 4.097269891757978622e-01 2.407951840974619229e-01 8.497005144886867756e-01 0.000000000000000000e+00 0.000000000000000000e+00 0.000000000000000000e+00
6.788520829246839083e-01 -4.325046101591991654e-01 3.020641744679119500e-01 -1.998629141531832742e-01 5.110243916786684215e-01 -3.372892387311561824e-01 -6.915298754469262343e-02 -3.515063774823705134e-01 2.560924931359932488e-01 -3.469602777026856155e-01 7.180745623293827151e-01 0.000000000000000000e+00 0.000000000000000000e+00
6.768501163790214825e-01 -4.610990058876765496e-01 2.626887584880645554e-01 -5.107970077341997817e-01 -4.713288013948923050e-01 -1.605458112366855428e-01 -3.975420128902933947e-01 2.168201855128458755e-01 2.881854111529730811e-01 -3.915965099117072468e-01 2.191308784740966520e-01 8.165425432646158388e-01 0.000000000000000000e+00
6.745515265832776608e-01 -4.236517075327739801e-01 3.390006028675982552e-01 -5.162763862145878235e-01 -4.384538628755429990e-01 -1.697044225855365018e-01 -3.777343423180088422e-01 2.139582611005316770e-01 3.056527139094628032e-01 -4.047161236359871350e-01 2.540671906780345157e-01 -4.063671519081418215e-01 7.073375591738370050e-01
