1.406381169824141741e+00 0.000000000000000000e+00 0.000000000000000000e+00 0.000000000000000000e+00 0.000000000000000000e+00 0.000000000000000000e+00 0.000000000000000000e+00 0.000000000000000000e+00 0.000000000000000000e+00 0.000000000000000000e+00 0.000000000000000000e+00 0.000000000000000000e+00 0.000000000000000000e+00 0.000000000000000000e+00
7.001565104051372668e-01 1.448961382083059357e+00 0.000000000000000000e+00 0.000000000000000000e+00 0.000000000000000000e+00 0.000000000000000000e+00 0.000000000000000000e+00 0.000000000000000000e+00 0.000000000000000000e+00 0.000000000000000000e+00 0.000000000000000000e+00 0.000000000000000000e+00 0.000000000000000000e+00 0.000000000000000000e+00
1.554380197199089174e-02 -7.014468782244781542e-01 1.232045386433395340e+00 0.000000000000000000e+00 0.000000000000000000e+00 0.000000000000000000e+00 0.000000000000000000e+00 0.000000000000000000e+00 0.000000000000000000e+00 0.000000000000000000e+00 0.000000000000000000e+00 0.000000000000000000e+00 0.000000000000000000e+00 0.000000000000000000e+00
-2.875425825557568083e-03 -7.010057755599209406e-01 -3.751571805575784624e-01 1.169444796734138592e+00 0.000000000000000000e+00 0.000000000000000000e+00 0.000000000000000000e+00 0.000000000000000000e+00 0.000000000000000000e+00 0.000000000000000000e+00 0.000000000000000000e+00 0.000000000000000000e+00 0.000000000000000000e+00 0.000000000000000000e+00
6.966188010764535754e-01 -3.828499719141729152e-01 -1.629431101081094957e-01 5.835543323044781738e-01 1.001673138026597742e+00 0.000000000000000000e+00 0.000000000000000000e+00 0.000000000000000000e+00 0.000000000000000000e+00 0.000000000000000000e+00 0.000000000000000000e+00 0.000000000000000000e+00 0.000000000000000000e+00 0.000000000000000000e+00
6.946726503817295395e-01 -6.099181815216471181e-01 -3.526501593221191833e-01 -5.073201323168605725e-01 4.964018680215887547e-01 1.215115796940678061e+00 0.000000000000000000e+00 0.000000000000000000e+00 0.000000000000000000e+00 0.000000000000000000e+00 0.000000000000000000e+00 0.000000000000000000e+00 0.000000000000000000e+00 0.000000000000000000e+00
-6.851684943289810814e-01 -5.970023379833268029e-01 -3.821193632252524730e-01 -4.839563521663092782e-01 -4.953152496002336536e-01 5.073960834516769713e-01 1.102856995325321776e+00 0.000000000000000000e+00 0.000000000000000000e+00 0.000000000000000000e+00 0.000000000000000000e+00 0.000000000000000000e+00 0.000000000000000000e+00 0.000000000000000000e+00
-7.005290343156685973e-01 -2.955712379002050638e-01 -2.103091785214964149e-01 -3.128529593690725918e-01 -4.998321547365111028e-01 5.679174404123690234e-01 -4.232613710387455042e-01 9.299976803683470683e-01 0.000000000000000000e+00 0.000000000000000000e+00 0.000000000000000000e+00 0.000000000000000000e+00 0.000000000000000000e+00 0.000000000000000000e+00
-1.688530341876362658e-03 -7.030535736030931737e-01 -3.593901165771791195e-01 3.113418168608268477e-01 4.893881482633350433e-01 3.043757508492744845e-01 -2.822835355693790738e-01 -2.603628855413617771e-01 8.857516053405325440e-01 0.000000000000000000e+00 0.000000000000000000e+00 0.000000000000000000e+00 0.000000000000000000e+00 0.000000000000000000e+00
-3.436526510278625855e-03 -7.076465539028000684e-01 4.125769492058858345e-01 -2.368351733982064500e-01 1.409188834787861340e-02 4.881884353569536095e-01 3.195508434923837737e-01 -3.985486447241965990e-01 -4.387278399573151244e-01 7.636189969015257928e-01 0.000000000000000000e+00 0.000000000000000000e+00 0.000000000000000000e+00 0.000000000000000000e+00
-6.960173912991649559e-01 -4.659959226435070323e-01 5.522561412005551063e-01 -1.332293367051223532e-01 -4.859185231106185054e-01 -5.130318036343401999e-01 -1.843420413049868256e-01 3.962091989479089582e-01 3.971637296161932285e-01 7.025105340503527696e-02 9.118648951008555548e-01 0.000000000000000000e+00 0.000000000000000000e+00 0.000000000000000000e+00
-6.846357358078011268e-01 -6.497132181482134783e-01 -3.440833917746951576e-01 -4.251944187078279258e-01 4.851153107893772520e-01 3.752369388570432340e-01 3.976798982294053597e-01 -3.707959589649435506e-01 2.528912086132169557e-01 3.305821987049530342e-01 -3.657308556809646949e-01 8.345996658939078827e-01 0.000000000000000000e+00 0.000000000000000000e+00
6.957097958316817987e-01 6.568318554834398082e-01 3.455566408212286111e-01 4.638273447502069269e-01 -4.902572156856048746e-01 -3.813039476574934805e-01 -4.036508275388249189e-01 4.086089871061122092e-01 -2.749956910886072747e-01 -2.964882461929628787e-01 3.597899078980575371e-01 3.611710869729949924e-01 7.521556358507484052e-01 0.000000000000000000e+00
6.795857127253822627e-01 5.598870741569440534e-01 -5.380911484987161986e-01 4.246063827875711655e-02 -4.947049569721178042e-01 3.788081961298251921e-01 -5.320559319471479531e-01 2.590778786698423319e-01 1.624570009182176034e-01 -3.184423482105575021e-01 3.753953470402973114e-01 -2.414867887656768353e-01 3.704861358301093643e-01 7.046668845478896159e-01
