1.583327681134373721e+00 0.000000000000000000e+00 0.000000000000000000e+00 0.000000000000000000e+00 0.000000000000000000e+00 0.000000000000000000e+00 0.000000000000000000e+00 0.000000000000000000e+00 0.000000000000000000e+00 0.000000000000000000e+00 0.000000000000000000e+00 0.000000000000000000e+00 0.000000000000000000e+00 0.000000000000000000e+00 0.000000000000000000e+00 0.000000000000000000e+00 0.000000000000000000e+00 0.000000000000000000e+00
-7.512928723658366392e-01 1.434133408152050704e+00 0.000000000000000000e+00 0.000000000000000000e+00 0.000000000000000000e+00 0.000000000000000000e+00 0.000000000000000000e+00 0.000000000000000000e+00 0.000000000000000000e+00 0.000000000000000000e+00 0.000000000000000000e+00 0.000000000000000000e+00 0.000000000000000000e+00 0.000000000000000000e+00 0.000000000000000000e+00 0.000000000000000000e+00 0.000000000000000000e+00 0.000000000000000000e+00
4.459127382322551902e-01 -5.439637780255397459e-01 1.390998311774549911e+00 0.000000000000000000e+00 0.000000000000000000e+00 0.000000000000000000e+00 0.000000000000000000e+00 0.000000000000000000e+00 0.000000000000000000e+00 0.000000000000000000e+00 0.000000000000000000e+00 0.000000000000000000e+00 0.000000000000000000e+00 0.000000000000000000e+00 0.000000000000000000e+00 0.000000000000000000e+00 0.000000000000000000e+00 0.000000000000000000e+00
7.968200430689012514e-02 -5.507679400751263055e-01 -3.360163459476591119e-01 1.461421618970854208e+00 0.000000000000000000e+00 0.000000000000000000e+00 0.000000000000000000e+00 0.000000000000000000e+00 0.000000000000000000e+00 0.000000000000000000e+00 0.000000000000000000e+00 0.000000000000000000e+00 0.000000000000000000e+00 0.000000000000000000e+00 0.000000000000000000e+00 0.000000000000000000e+00 0.000000000000000000e+00 0.000000000000000000e+00
6.984492721183886976e-01 1.970021410902875886e-02 -6.383201989444859947e-01 6.720080597925649490e-01 1.201571790538659590e+00 0.000000000000000000e+00 0.000000000000000000e+00 0.000000000000000000e+00 0.000000000000000000e+00 0.000000000000000000e+00 0.000000000000000000e+00 0.000000000000000000e+00 0.000000000000000000e+00 0.000000000000000000e+00 0.000000000000000000e+00 0.000000000000000000e+00 0.000000000000000000e+00 0.000000000000000000e+00
5.292554091137092742e-01 -3.181624349030565679e-01 -6.433050152847659131e-01 -4.911036485144515962e-01 -5.729836842092543847e-01 1.193605591239490726e+00 0.000000000000000000e+00 0.000000000000000000e+00 0.000000000000000000e+00 0.000000000000000000e+00 0.000000000000000000e+00 0.000000000000000000e+00 0.000000000000000000e+00 0.000000000000000000e+00 0.000000000000000000e+00 0.000000000000000000e+00 0.000000000000000000e+00 0.000000000000000000e+00
5.133091690005620045e-02 -4.765313941121853691e-01 4.226919459216318953e-01 -6.624203872323487508e-01 -5.360141401155821272e-01 4.843739729163487051e-01 1.091736808434226269e+00 0.000000000000000000e+00 0.000000000000000000e+00 0.000000000000000000e+00 0.000000000000000000e+00 0.000000000000000000e+00 0.000000000000000000e+00 0.000000000000000000e+00 0.000000000000000000e+00 0.000000000000000000e+00 0.000000000000000000e+00 0.000000000000000000e+00
-4.190779968192781535e-01 6.233690627069421453e-01 5.768805156156865399e-01 -6.011060146521594039e-01 3.882906310501211267e-01 -3.933042907912123187e-01 4.986848055752896025e-01 1.112508227684459783e+00 0.000000000000000000e+00 0.000000000000000000e+00 0.000000000000000000e+00 0.000000000000000000e+00 0.000000000000000000e+00 0.000000000000000000e+00 0.000000000000000000e+00 0.000000000000000000e+00 0.000000000000000000e+00 0.000000000000000000e+00
-6.746830543766769717e-01 -6.711966778607216799e-01 5.222187275810586948e-01 3.080974783349144652e-01 5.749503878204085400e-02 -4.473886496845195793e-01 3.755134134590428774e-01 5.062823806209731936e-01 9.799288950852462765e-01 0.000000000000000000e+00 0.000000000000000000e+00 0.000000000000000000e+00 0.000000000000000000e+00 0.000000000000000000e+00 0.000000000000000000e+00 0.000000000000000000e+00 0.000000000000000000e+00 0.000000000000000000e+00
3.769823169439420751e-01 6.368508183054343297e-01 4.078198713563417344e-01 5.972660775508102926e-01 -3.227167147284682458e-01 2.616653921220203349e-01 -1.605160307917839202e-01 3.112536682919027631e-01 3.635938894043488911e-01 1.095632642379088750e+00 0.000000000000000000e+00 0.000000000000000000e+00 0.000000000000000000e+00 0.000000000000000000e+00 0.000000000000000000e+00 0.000000000000000000e+00 0.000000000000000000e+00 0.000000000000000000e+00
-4.632253438473800666e-01 -3.682787739864759047e-01 -5.324617974286244282e-01 1.914395119454595229e-01 5.034685357620550805e-01 -2.159659454216775465e-01 5.031454151078590398e-01 -4.383498515180382915e-01 2.882905285812150664e-01 -4.532278152891752732e-01 9.337052856573179183e-01 0.000000000000000000e+00 0.000000000000000000e+00 0.000000000000000000e+00 0.000000000000000000e+00 0.000000000000000000e+00 0.000000000000000000e+00 0.000000000000000000e+00
-7.453997871319224533e-01 1.669017358811998586e-01 -4.707912458228070141e-01 4.636429950738862882e-01 -3.575358609675721167e-01 -5.826794798559202793e-01 -1.303160858722006155e-01 2.356574282590691016e-01 5.740625607692949328e-02 2.952719265017907935e-01 3.320351348223130050e-01 8.569171616715594020e-01 0.000000000000000000e+00 0.000000000000000000e+00 0.000000000000000000e+00 0.000000000000000000e+00 0.000000000000000000e+00 0.000000000000000000e+00
6.527049796775790114e-01 -3.694169921404603651e-01 3.208812266985167083e-01 5.430047635036825415e-01 -2.806114282290797513e-01 -3.854756547158025848e-01 -4.660032965648539527e-01 2.279621809246952513e-01 1.800190828582986721e-02 -4.942763718989345856e-01 2.192235460816441966e-02 3.339365178927717892e-01 8.137250649171715589e-01 0.000000000000000000e+00 0.000000000000000000e+00 0.000000000000000000e+00 0.000000000000000000e+00 0.000000000000000000e+00
-6.644948125985118415e-01 4.391579493955866109e-01 6.171182387316912488e-01 -6.196527504893408755e-01 1.386538600534473753e-01 5.524791830159820893e-01 2.514694142311511560e-01 -7.071150345872691256e-02 2.743665860165012682e-01 -3.081956368051924633e-01 -3.032292019495377855e-01 2.035605879818054575e-01 -3.496236652059117600e-01 7.927009218607570240e-01 0.000000000000000000e+00 0.000000000000000000e+00 0.000000000000000000e+00 0.000000000000000000e+00
-6.642291641795667889e-01 4.157682003338849519e-01 -5.822014592880866424e-01 -5.546420417680645309e-01 -3.278932411565889660e-01 5.538538647240995871e-01 -3.956103071584339270e-01 4.942778343458592016e-01 1.345652272543546302e-01 -4.534279855933259816e-04 -2.078560032351707831e-01 3.517264268254993720e-01 -1.681956260693420191e-01 -3.872541204336467646e-01 7.596288732679775668e-01 0.000000000000000000e+00 0.000000000000000000e+00 0.000000000000000000e+00
-6.158407307093848315e-01 -3.187767274942972517e-01 -2.202508199718990478e-01 7.062569157630426142e-01 -3.708445756135801963e-01 -4.248296506866783839e-01 -2.135544730697818694e-01 -6.733097065450568963e-02 -4.570051372341168983e-01 4.213729156980821622e-01 4.456350437199134151e-01 -1.201131321201186625e-01 -2.207526492631277926e-01 3.282142892489657848e-01 -2.570223779051442614e-01 6.871464510892962840e-01 0.000000000000000000e+00 0.000000000000000000e+00
6.914599237626785078e-01 -4.143494786808730734e-01 -4.653006821448070762e-01 -5.370665413544525313e-01 3.345991293544044870e-02 -3.318347710158294217e-01 1.506440774533551463e-01 3.509403863794439693e-01 -1.157396693520141018e-01 -4.511755344614722107e-02 4.635558749776632070e-01 4.508995262088480449e-02 -3.375288874323026933e-01 1.230676125710987306e-01 1.528404779083168963e-01 2.784110690894587292e-01 6.864025521880613434e-01 0.000000000000000000e+00
9.885176214924372429e-02 5.613208138019447624e-01 5.991014241604909474e-01 -3.768072564340803621e-01 3.588005055599789994e-01 4.844747488808023861e-01 4.134359245615670253e-01 4.948928417214969455e-01 -1.591162033763267036e-01 -1.568603166802070847e-01 4.135889182595302027e-01 3.906732472243748533e-01 -7.384463153149805302e-03 -2.458880425428996985e-01 -3.078014108782621272e-01 1.014074462783116221e-01 -3.365137647724459335e-01 6.264419842340221978e-01
