1.595750509679163986e+00 0.000000000000000000e+00 0.000000000000000000e+00 0.000000000000000000e+00 0.000000000000000000e+00 0.000000000000000000e+00 0.000000000000000000e+00 0.000000000000000000e+00 0.000000000000000000e+00 0.000000000000000000e+00 0.000000000000000000e+00 0.000000000000000000e+00 0.000000000000000000e+00 0.000000000000000000e+00 0.000000000000000000e+00 0.000000000000000000e+00 0.000000000000000000e+00 0.000000000000000000e+00 0.000000000000000000e+00 0.000000000000000000e+00
-6.696597251950341390e-01 1.435451799471158640e+00 0.000000000000000000e+00 0.000000000000000000e+00 0.000000000000000000e+00 0.000000000000000000e+00 0.000000000000000000e+00 0.000000000000000000e+00 0.000000000000000000e+00 0.000000000000000000e+00 0.000000000000000000e+00 0.000000000000000000e+00 0.000000000000000000e+00 0.000000000000000000e+00 0.000000000000000000e+00 0.000000000000000000e+00 0.000000000000000000e+00 0.000000000000000000e+00 0.000000000000000000e+00 0.000000000000000000e+00
5.807256043833550763e-01 3.649109028713323211e-01 1.507977258244976859e+00 0.000000000000000000e+00 0.000000000000000000e+00 0.000000000000000000e+00 0.000000000000000000e+00 0.000000000000000000e+00 0.000000000000000000e+00 0.000000000000000000e+00 0.000000000000000000e+00 0.000000000000000000e+00 0.000000000000000000e+00 0.000000000000000000e+00 0.000000000000000000e+00 0.000000000000000000e+00 0.000000000000000000e+00 0.000000000000000000e+00 0.000000000000000000e+00 0.000000000000000000e+00
5.310381115184972245e-01 6.972202531359102951e-01 6.825671327436515501e-01 1.400350488359741741e+00 0.000000000000000000e+00 0.000000000000000000e+00 0.000000000000000000e+00 0.000000000000000000e+00 0.000000000000000000e+00 0.000000000000000000e+00 0.000000000000000000e+00 0.000000000000000000e+00 0.000000000000000000e+00 0.000000000000000000e+00 0.000000000000000000e+00 0.000000000000000000e+00 0.000000000000000000e+00 0.000000000000000000e+00 0.000000000000000000e+00 0.000000000000000000e+00
-5.313294229709571992e-01 -4.725308257796009825e-01 6.378408241391742006e-01 -5.021435982738623460e-01 1.251601742852262777e+00 0.000000000000000000e+00 0.000000000000000000e+00 0.000000000000000000e+00 0.000000000000000000e+00 0.000000000000000000e+00 0.000000000000000000e+00 0.000000000000000000e+00 0.000000000000000000e+00 0.000000000000000000e+00 0.000000000000000000e+00 0.000000000000000000e+00 0.000000000000000000e+00 0.000000000000000000e+00 0.000000000000000000e+00 0.000000000000000000e+00
7.505476896969961453e-01 2.721656068664537464e-01 1.076354550721814046e-01 4.973612170888610517e-01 -5.904291823148245522e-01 1.163722728718989963e+00 0.000000000000000000e+00 0.000000000000000000e+00 0.000000000000000000e+00 0.000000000000000000e+00 0.000000000000000000e+00 0.000000000000000000e+00 0.000000000000000000e+00 0.000000000000000000e+00 0.000000000000000000e+00 0.000000000000000000e+00 0.000000000000000000e+00 0.000000000000000000e+00 0.000000000000000000e+00 0.000000000000000000e+00
-6.191008227622517568e-01 6.116593204349126678e-01 7.026281552778811113e-02 5.121285154032725329e-01 5.120229534316875775e-01 4.320575037081052505e-01 1.103495809989752940e+00 0.000000000000000000e+00 0.000000000000000000e+00 0.000000000000000000e+00 0.000000000000000000e+00 0.000000000000000000e+00 0.000000000000000000e+00 0.000000000000000000e+00 0.000000000000000000e+00 0.000000000000000000e+00 0.000000000000000000e+00 0.000000000000000000e+00 0.000000000000000000e+00 0.000000000000000000e+00
-7.269931660441543153e-01 4.745800934930146098e-01 -6.226543199240092141e-01 -1.392878926374130633e-01 4.181428532039233037e-02 2.889607265910509870e-01 5.069833158175119925e-01 1.053396228548566738e+00 0.000000000000000000e+00 0.000000000000000000e+00 0.000000000000000000e+00 0.000000000000000000e+00 0.000000000000000000e+00 0.000000000000000000e+00 0.000000000000000000e+00 0.000000000000000000e+00 0.000000000000000000e+00 0.000000000000000000e+00 0.000000000000000000e+00 0.000000000000000000e+00
-6.589361468226211382e-01 5.438211649724968844e-01 5.856204610303584746e-01 5.032089132957281441e-01 5.247723484989956777e-01 -4.509667466584843520e-02 -1.767525281369681234e-01 -3.917418967727169798e-01 1.063292926217754619e+00 0.000000000000000000e+00 0.000000000000000000e+00 0.000000000000000000e+00 0.000000000000000000e+00 0.000000000000000000e+00 0.000000000000000000e+00 0.000000000000000000e+00 0.000000000000000000e+00 0.000000000000000000e+00 0.000000000000000000e+00 0.000000000000000000e+00
-3.461024155137838454e-01 1.170592449879583885e-01 -5.479769933319005304e-01 -4.556520111380669702e-01 -3.157923451807267412e-01 5.235980053624453845e-01 -2.652015891955205595e-01 -1.838378525340383374e-01 -6.529076856656386429e-02 1.150413474118145318e+00 0.000000000000000000e+00 0.000000000000000000e+00 0.000000000000000000e+00 0.000000000000000000e+00 0.000000000000000000e+00 0.000000000000000000e+00 0.000000000000000000e+00 0.000000000000000000e+00 0.000000000000000000e+00 0.000000000000000000e+00
5.603338234794170702e-01 -1.544817309230908098e-01 -7.313591720175381949e-01 1.843160021607895827e-01 -2.660062034516599283e-01 5.607106118905019754e-01 1.096132685455984551e-01 -3.445522428393471004e-01 -2.126015691936078977e-01 5.167172590840523050e-01 9.918561312221821913e-01 0.000000000000000000e+00 0.000000000000000000e+00 0.000000000000000000e+00 0.000000000000000000e+00 0.000000000000000000e+00 0.000000000000000000e+00 0.000000000000000000e+00 0.000000000000000000e+00 0.000000000000000000e+00
1.440840197503373554e-01 -2.504974043051105270e-01 6.881057682124896990e-01 -5.819448110135300167e-01 -2.911413336302363097e-01 2.736332771693116284e-01 -4.274265546906005908e-01 -4.456107710763688723e-01 -3.364778024606702722e-01 -2.701601052615600351e-01 3.668083172246553447e-01 8.937648745820642171e-01 0.000000000000000000e+00 0.000000000000000000e+00 0.000000000000000000e+00 0.000000000000000000e+00 0.000000000000000000e+00 0.000000000000000000e+00 0.000000000000000000e+00 0.000000000000000000e+00
-7.695553766585248034e-01 5.958519289423819254e-01 -4.497431832660858109e-01 -3.472821085358879789e-01 -5.055808162453864218e-01 -4.496410203616433843e-01 3.932597491922041333e-01 4.362997839632518776e-02 3.067293326692553945e-01 5.102266756577273910e-01 5.907758166183404297e-02 3.539786836717498386e-01 9.076034334868030573e-01 0.000000000000000000e+00 0.000000000000000000e+00 0.000000000000000000e+00 0.000000000000000000e+00 0.000000000000000000e+00 0.000000000000000000e+00 0.000000000000000000e+00
-1.782823450203865623e-01 5.495335929436327982e-01 -5.610694217048673993e-01 2.898628758118614313e-01 4.905377056427876470e-01 -9.831031584209745655e-02 -5.438375671235580189e-01 4.222773793802795939e-01 5.147537505766296428e-01 -3.194735764525689636e-01 -4.797727269039410158e-01 3.823176799968450723e-01 1.986830133356180250e-01 8.671070075369425867e-01 0.000000000000000000e+00 0.000000000000000000e+00 0.000000000000000000e+00 0.000000000000000000e+00 0.000000000000000000e+00 0.000000000000000000e+00
6.744124045607808871e-01 4.302957984044804562e-01 5.012830784543538254e-01 -5.567969303199622466e-01 7.913447298233461380e-02 -4.482228481066434789e-01 -7.462770184224018499e-03 -4.475585137164443394e-01 -1.374509162525906214e-01 -2.249252342250035175e-01 -3.121652688989133839e-01 -1.214884343746760742e-01 -2.276894365423269215e-02 3.203229734143740459e-01 8.557401664495067894e-01 0.000000000000000000e+00 0.000000000000000000e+00 0.000000000000000000e+00 0.000000000000000000e+00 0.000000000000000000e+00
7.434039324859337272e-01 -3.564146963524600364e-01 -5.101367044639062431e-01 1.118131886165390013e-02 -3.333388804917939985e-01 -2.831848945401417919e-02 -4.127395421627959027e-01 -3.700381633365667500e-01 3.475896953251512156e-01 -5.739340181971351873e-01 2.530873960932582545e-01 -1.566692629209310295e-01 3.684824401754031031e-01 2.032048429196438299e-01 3.882777726059832846e-01 7.188902003724388923e-01 0.000000000000000000e+00 0.000000000000000000e+00 0.000000000000000000e+00 0.000000000000000000e+00
-2.116313143081927917e-01 -2.504057060090381648e-01 6.610881238213798250e-01 4.778163051837941433e-01 -2.832303263079572475e-01 -3.796777805138238371e-01 -2.076199422077955326e-01 -3.712760359307588631e-01 -3.220934275701906602e-01 -2.530938903650986060e-01 4.139290720482377561e-01 9.928227244659953987e-02 4.263616180030253555e-01 -4.775283307210074352e-02 -4.159560736487469268e-01 -1.619728648427687656e-01 7.585160050993774439e-01 0.000000000000000000e+00 0.000000000000000000e+00 0.000000000000000000e+00
-7.034144416595328186e-01 -2.322330773677239446e-01 -3.476811153856594339e-01 -6.153672199101391238e-02 4.064762996730530986e-01 8.333967136564164602e-02 4.599451172156852063e-01 -4.530225088113822018e-02 -5.224127786533997453e-01 5.277233563906774672e-01 3.566204345257510955e-01 5.385734189916417669e-02 3.971935940199308041e-02 -2.649948057635411747e-01 2.205953382627872661e-01 -1.563168343436902863e-01 -3.225794947845561089e-01 7.408204194950451793e-01 0.000000000000000000e+00 0.000000000000000000e+00
6.497295250500036978e-01 3.038125279362088871e-01 -2.310261236702101928e-01 -6.049103008823421002e-01 1.808647136723707249e-01 -1.969199008320619282e-01 -4.931067821704810950e-01 4.136452372949792240e-03 -4.644636596672173656e-01 -2.862004743946366392e-01 -7.714388021742846213e-02 4.359878914957828200e-01 -3.120917665247339712e-01 3.336362154947878356e-01 1.048537756115169341e-02 -2.369329681501989859e-01 -3.016859996950401746e-01 -2.372918533717447431e-01 6.893592785399925704e-01 0.000000000000000000e+00
-6.974012025602156495e-01 -3.953965058061867932e-01 1.699523971272996203e-01 4.278000544721402010e-01 2.589622455153052227e-01 -5.583488829239152684e-01 -3.118388855808405524e-01 3.880487491506859898e-01 3.857867765143333516e-01 4.884114622019747332e-02 2.383695934073758460e-01 -1.181507940386722078e-01 -2.419840863607445047e-01 3.570940553969211284e-01 -2.729150331787231210e-01 -9.765404037563649164e-02 -3.759401730912495521e-01 2.393668299350650008e-01 3.033300365639348684e-01 6.004284419280631058e-01
