1.584372448608323714e+00 0.000000000000000000e+00 0.000000000000000000e+00 0.000000000000000000e+00 0.000000000000000000e+00 0.000000000000000000e+00 0.000000000000000000e+00 0.000000000000000000e+00 0.000000000000000000e+00 0.000000000000000000e+00 0.000000000000000000e+00 0.000000000000000000e+00 0.000000000000000000e+00 0.000000000000000000e+00 0.000000000000000000e+00 0.000000000000000000e+00 0.000000000000000000e+00 0.000000000000000000e+00 0.000000000000000000e+00 0.000000000000000000e+00 0.000000000000000000e+00
6.845842821192031913e-01 1.552081184844256168e+00 0.000000000000000000e+00 0.000000000000000000e+00 0.000000000000000000e+00 0.000000000000000000e+00 0.000000000000000000e+00 0.000000000000000000e+00 0.000000000000000000e+00 0.000000000000000000e+00 0.000000000000000000e+00 0.000000000000000000e+00 0.000000000000000000e+00 0.000000000000000000e+00 0.000000000000000000e+00 0.000000000000000000e+00 0.000000000000000000e+00 0.000000000000000000e+00 0.000000000000000000e+00 0.000000000000000000e+00 0.000000000000000000e+00
-6.472008341923281005e-01 -6.616690916268676004e-01 1.335702240849888423e+00 0.000000000000000000e+00 0.000000000000000000e+00 0.000000000000000000e+00 0.000000000000000000e+00 0.000000000000000000e+00 0.000000000000000000e+00 0.000000000000000000e+00 0.000000000000000000e+00 0.000000000000000000e+00 0.000000000000000000e+00 0.000000000000000000e+00 0.000000000000000000e+00 0.000000000000000000e+00 0.000000000000000000e+00 0.000000000000000000e+00 0.000000000000000000e+00 0.000000000000000000e+00 0.000000000000000000e+00
-7.180123965823036469e-01 5.139210994885368144e-01 6.192387508708310229e-01 1.326570352329031532e+00 0.000000000000000000e+00 0.000000000000000000e+00 0.000000000000000000e+00 0.000000000000000000e+00 0.000000000000000000e+00 0.000000000000000000e+00 0.000000000000000000e+00 0.000000000000000000e+00 0.000000000000000000e+00 0.000000000000000000e+00 0.000000000000000000e+00 0.000000000000000000e+00 0.000000000000000000e+00 0.000000000000000000e+00 0.000000000000000000e+00 0.000000000000000000e+00 0.000000000000000000e+00
5.454256219595974425e-02 -1.643416750134832904e-01 -6.341179948133763844e-01 -2.269566585972096484e-01 1.532142572830807348e+00 0.000000000000000000e+00 0.000000000000000000e+00 0.000000000000000000e+00 0.000000000000000000e+00 0.000000000000000000e+00 0.000000000000000000e+00 0.000000000000000000e+00 0.000000000000000000e+00 0.000000000000000000e+00 0.000000000000000000e+00 0.000000000000000000e+00 0.000000000000000000e+00 0.000000000000000000e+00 0.000000000000000000e+00 0.000000000000000000e+00 0.000000000000000000e+00
-5.724114275906870830e-01 6.430740001730355093e-01 -2.356426549556827899e-01 4.035842213367217823e-01 4.168505117486393519e-01 1.385017901741254720e+00 0.000000000000000000e+00 0.000000000000000000e+00 0.000000000000000000e+00 0.000000000000000000e+00 0.000000000000000000e+00 0.000000000000000000e+00 0.000000000000000000e+00 0.000000000000000000e+00 0.000000000000000000e+00 0.000000000000000000e+00 0.000000000000000000e+00 0.000000000000000000e+00 0.000000000000000000e+00 0.000000000000000000e+00 0.000000000000000000e+00
-4.162377609131521772e-01 -7.466095486303617745e-01 4.233770020729716310e-01 6.063687715891854513e-01 -3.113943493735378265e-01 -5.481655614553369027e-01 1.251099248960320098e+00 0.000000000000000000e+00 0.000000000000000000e+00 0.000000000000000000e+00 0.000000000000000000e+00 0.000000000000000000e+00 0.000000000000000000e+00 0.000000000000000000e+00 0.000000000000000000e+00 0.000000000000000000e+00 0.000000000000000000e+00 0.000000000000000000e+00 0.000000000000000000e+00 0.000000000000000000e+00 0.000000000000000000e+00
-1.501420553202348351e-01 -5.305675110972116748e-01 -5.729711638791195050e-01 -1.094682683336470341e-01 -3.110356206337098750e-01 -5.118005770673703658e-01 -2.863759364398344442e-01 1.222981917526388740e+00 0.000000000000000000e+00 0.000000000000000000e+00 0.000000000000000000e+00 0.000000000000000000e+00 0.000000000000000000e+00 0.000000000000000000e+00 0.000000000000000000e+00 0.000000000000000000e+00 0.000000000000000000e+00 0.000000000000000000e+00 0.000000000000000000e+00 0.000000000000000000e+00 0.000000000000000000e+00
-5.591830411024640846e-01 -2.414973274881947463e-01 -3.606561076090132323e-01 -4.012419467093512049e-01 -7.071248406292771627e-01 -1.969198122134302453e-01 5.314767194374975245e-01 -5.118913321692912799e-01 1.018867713570058786e+00 0.000000000000000000e+00 0.000000000000000000e+00 0.000000000000000000e+00 0.000000000000000000e+00 0.000000000000000000e+00 0.000000000000000000e+00 0.000000000000000000e+00 0.000000000000000000e+00 0.000000000000000000e+00 0.000000000000000000e+00 0.000000000000000000e+00 0.000000000000000000e+00
-7.468209286011067150e-01 1.367879554504173312e-01 5.288283805712828967e-01 -3.914546777319335980e-01 -7.210993734480185546e-01 -5.249779667103863234e-01 -1.761318692195929514e-01 -4.619268848397378169e-01 3.405917470390884549e-01 1.006600667242369740e+00 0.000000000000000000e+00 0.000000000000000000e+00 0.000000000000000000e+00 0.000000000000000000e+00 0.000000000000000000e+00 0.000000000000000000e+00 0.000000000000000000e+00 0.000000000000000000e+00 0.000000000000000000e+00 0.000000000000000000e+00 0.000000000000000000e+00
8.383189169335489299e-02 -6.476188139835707958e-01 6.003053321435172229e-01 1.174574779592171825e-01 -5.304661743803842366e-01 6.345494902698198825e-01 -2.505155453186550529e-01 1.673038439860535520e-01 1.901906138618771058e-01 -4.831166123284169611e-01 1.003861683127627691e+00 0.000000000000000000e+00 0.000000000000000000e+00 0.000000000000000000e+00 0.000000000000000000e+00 0.000000000000000000e+00 0.000000000000000000e+00 0.000000000000000000e+00 0.000000000000000000e+00 0.000000000000000000e+00 0.000000000000000000e+00
5.567763334834198441e-02 7.616055950172999356e-02 2.408144826747705969e-01 -6.498073334489479214e-01 -5.663248359979559110e-01 -5.819308075505033040e-01 3.327200594567611414e-01 8.949104442887240163e-02 4.037235260254470326e-01 2.671112425698004555e-01 -4.978285078860836266e-01 9.809176521767625223e-01 0.000000000000000000e+00 0.000000000000000000e+00 0.000000000000000000e+00 0.000000000000000000e+00 0.000000000000000000e+00 0.000000000000000000e+00 0.000000000000000000e+00 0.000000000000000000e+00 0.000000000000000000e+00
7.042041196412028858e-01 3.528158275573270997e-01 -4.092387067828165415e-01 -4.529567458598613428e-01 -5.785892291201062410e-01 2.534318034596197422e-01 1.047697042628294856e-01 -4.641338497069039115e-01 -3.274500449653278689e-01 -2.692081907636542093e-01 -3.268828443151564622e-01 2.792520039583032410e-01 8.608757210075431709e-01 0.000000000000000000e+00 0.000000000000000000e+00 0.000000000000000000e+00 0.000000000000000000e+00 0.000000000000000000e+00 0.000000000000000000e+00 0.000000000000000000e+00 0.000000000000000000e+00
-6.467715671692965129e-01 -5.119599200313889042e-01 4.293861727565033148e-01 -6.413296783442823390e-01 -3.237905031802909006e-01 3.261403346113981305e-01 -3.338475822505907464e-01 6.077537219684452374e-01 8.876810045407712568e-02 1.413585584744304069e-01 -1.653700740495012145e-01 -4.333247569349664707e-01 -3.348774542220687989e-02 9.369671063554452228e-01 0.000000000000000000e+00 0.000000000000000000e+00 0.000000000000000000e+00 0.000000000000000000e+00 0.000000000000000000e+00 0.000000000000000000e+00 0.000000000000000000e+00
2.736372278868025587e-01 5.721183779813088233e-01 -2.849333501915961991e-02 -5.933504383185778108e-01 -3.668766709534387882e-01 -1.309648079995706371e-01 -6.242431120978013670e-01 2.229519093274162089e-01 -2.375933320715703789e-01 -2.385427348642928935e-01 4.910261505151201633e-01 1.121605206793678533e-01 -3.554741844832327580e-01 -4.247482280390260101e-01 8.052241697900295314e-01 0.000000000000000000e+00 0.000000000000000000e+00 0.000000000000000000e+00 0.000000000000000000e+00 0.000000000000000000e+00 0.000000000000000000e+00
-1.257139033363235403e-01 -7.148161700170142518e-01 -2.145375646453649351e-02 -3.952783769096962496e-01 -4.593583257287028321e-01 -3.836106425051493685e-01 -5.228345669709837384e-01 1.817823843708653575e-01 4.740863368036630776e-01 1.588740800499664763e-01 -2.319812435956508934e-01 -1.559895903946339757e-01 1.458492763441026074e-01 1.885123859159965054e-01 2.125489065427421109e-01 8.051897031972433671e-01 0.000000000000000000e+00 0.000000000000000000e+00 0.000000000000000000e+00 0.000000000000000000e+00 0.000000000000000000e+00
-3.292620253174863287e-02 6.402708094869250521e-01 6.327736583611790477e-01 -3.083585454206539955e-01 3.478556934035849646e-01 -3.040905953171378351e-01 5.924484259834940092e-01 -3.492557742737462112e-01 -2.503336768638699250e-01 -4.684865254275173974e-01 -3.400699783428223766e-01 -2.735567911209269010e-01 -3.146836700476701720e-01 -2.877874074809473326e-01 -3.224139940407066973e-01 -3.802156666616375302e-01 7.096747677698030943e-01 0.000000000000000000e+00 0.000000000000000000e+00 0.000000000000000000e+00 0.000000000000000000e+00
7.368270607103742931e-01 -3.360649858577078875e-01 2.378458717001335210e-01 -9.517450802291319012e-02 -7.576207809329627008e-01 6.737528938163291903e-01 3.526424061853052905e-01 -3.970160961143279765e-01 -4.610167573053604584e-01 1.542223642883223111e-01 6.824419811566382645e-03 3.270825442897137281e-01 -4.174682238112723542e-01 -2.652577317511465305e-01 2.989195928973448213e-01 1.700648755382106192e-01 2.977350041682825244e-01 6.555635084718789418e-01 0.000000000000000000e+00 0.000000000000000000e+00 0.000000000000000000e+00
-7.258942352959235622e-01 -2.378103934454893487e-01 -1.207128604387656678e-01 2.440060061492153876e-01 -4.855905716930249971e-01 -6.268667455229978147e-01 4.593186483355247152e-01 2.327780010043383196e-01 -4.051085899817152836e-01 7.716860717216351973e-02 -4.093187829976180914e-01 2.562871411998655091e-01 -3.379494102089071750e-01 -4.104524841549011538e-01 -3.643708240742914994e-01 3.622214179914507448e-01 3.262233500714414869e-01 2.036722999642001652e-01 7.158855542882982537e-01 0.000000000000000000e+00 0.000000000000000000e+00
-5.501139127477950863e-01 -5.430054733692166735e-01 1.094647091223206054e-01 -6.152359216507599093e-01 1.792267079663714402e-01 -1.891929861447295413e-01 1.013622878325807185e-02 -6.100475065861287183e-01 -3.569286616457764683e-01 4.772751492039083443e-01 5.663552170003809290e-03 -2.420539144386590069e-01 -2.028112536629591012e-01 -8.137010955321617722e-02 3.195853085516356940e-01 -3.814823046521529926e-01 -8.233709827247598367e-02 6.221354931011516265e-03 -1.469446749496027826e-01 6.979231951570842307e-01 0.000000000000000000e+00
8.594861348710823579e-02 -7.333165425743934929e-01 8.528929552766876740e-03 3.169497295988105701e-01 7.046257458668618856e-01 -5.967748358468383252e-01 1.766586964655269265e-01 5.568186577907531243e-01 -8.718626220547293082e-02 1.524716735253475253e-03 -2.986354327712336665e-01 -1.248630975181786174e-01 -1.944329749269478602e-01 4.178869217065799835e-01 -3.027886141458772107e-01 -7.831177025990973539e-02 2.008965968922847012e-01 -9.321224222644414192e-02 -2.447239096739143027e-01 -2.850930659205136442e-01 5.757518591698007615e-01
