1.430356034825426059e+00 0.000000000000000000e+00 0.000000000000000000e+00 0.000000000000000000e+00 0.000000000000000000e+00 0.000000000000000000e+00 0.000000000000000000e+00 0.000000000000000000e+00 0.000000000000000000e+00 0.000000000000000000e+00 0.000000000000000000e+00 0.000000000000000000e+00 0.000000000000000000e+00 0.000000000000000000e+00 0.000000000000000000e+00 0.000000000000000000e+00
-5.972448670661019143e-01 1.401667399279735937e+00 0.000000000000000000e+00 0.000000000000000000e+00 0.000000000000000000e+00 0.000000000000000000e+00 0.000000000000000000e+00 0.000000000000000000e+00 0.000000000000000000e+00 0.000000000000000000e+00 0.000000000000000000e+00 0.000000000000000000e+00 0.000000000000000000e+00 0.000000000000000000e+00 0.000000000000000000e+00 0.000000000000000000e+00
4.835730778246021266e-01 5.941884320600329117e-01 1.229248872034105489e+00 0.000000000000000000e+00 0.000000000000000000e+00 0.000000000000000000e+00 0.000000000000000000e+00 0.000000000000000000e+00 0.000000000000000000e+00 0.000000000000000000e+00 0.000000000000000000e+00 0.000000000000000000e+00 0.000000000000000000e+00 0.000000000000000000e+00 0.000000000000000000e+00 0.000000000000000000e+00
2.150698920411913961e-01 -3.500016445873677107e-01 -3.531464135790032266e-01 1.359596033448379426e+00 0.000000000000000000e+00 0.000000000000000000e+00 0.000000000000000000e+00 0.000000000000000000e+00 0.000000000000000000e+00 0.000000000000000000e+00 0.000000000000000000e+00 0.000000000000000000e+00 0.000000000000000000e+00 0.000000000000000000e+00 0.000000000000000000e+00 0.000000000000000000e+00
1.350743892924410050e-01 -2.670776676042267428e-01 -3.311349026512767635e-01 2.249660241487446422e-01 1.264608890706914401e+00 0.000000000000000000e+00 0.000000000000000000e+00 0.000000000000000000e+00 0.000000000000000000e+00 0.000000000000000000e+00 0.000000000000000000e+00 0.000000000000000000e+00 0.000000000000000000e+00 0.000000000000000000e+00 0.000000000000000000e+00 0.000000000000000000e+00
-4.574851188023108528e-01 -5.422344118515193268e-01 -4.068530828357527773e-01 4.522788448538783701e-01 -3.134199263887057496e-01 1.071902484930881805e+00 0.000000000000000000e+00 0.000000000000000000e+00 0.000000000000000000e+00 0.000000000000000000e+00 0.000000000000000000e+00 0.000000000000000000e+00 0.000000000000000000e+00 0.000000000000000000e+00 0.000000000000000000e+00 0.000000000000000000e+00
-6.373558115533551893e-01 -3.429996255548404815e-01 4.051134390602073032e-01 -4.827185668240286387e-01 3.123076108514610261e-01 1.688707588304879936e-01 1.083806673328890247e+00 0.000000000000000000e+00 0.000000000000000000e+00 0.000000000000000000e+00 0.000000000000000000e+00 0.000000000000000000e+00 0.000000000000000000e+00 0.000000000000000000e+00 0.000000000000000000e+00 0.000000000000000000e+00
-1.885188922151300184e-01 -5.080427604029456035e-01 1.504450794078940890e-01 -4.132843789663273593e-01 -4.463293099144696185e-01 -2.851833270408171139e-01 -3.750015259175554783e-01 1.135344609093634771e+00 0.000000000000000000e+00 0.000000000000000000e+00 0.000000000000000000e+00 0.000000000000000000e+00 0.000000000000000000e+00 0.000000000000000000e+00 0.000000000000000000e+00 0.000000000000000000e+00
1.084006147671093129e-01 -6.417140806171424128e-01 4.659442957305752753e-01 1.471559404950737726e-01 -5.398636651531406594e-01 4.944926970784411235e-01 2.656401193473330036e-01 2.981892878427363502e-01 1.060566096269695668e+00 0.000000000000000000e+00 0.000000000000000000e+00 0.000000000000000000e+00 0.000000000000000000e+00 0.000000000000000000e+00 0.000000000000000000e+00 0.000000000000000000e+00
-4.445604998512084349e-02 -3.862045380970298147e-01 5.468105320701674987e-01 5.681970440555684787e-01 -5.817903766202356941e-01 4.426337413050172032e-01 -4.811773727775795484e-01 5.053342624502910052e-01 -4.705109941312168864e-01 9.614634087207607482e-01 0.000000000000000000e+00 0.000000000000000000e+00 0.000000000000000000e+00 0.000000000000000000e+00 0.000000000000000000e+00 0.000000000000000000e+00
-2.448115265650668837e-01 3.448029685532820743e-01 4.800554970517249831e-02 6.009124461914561177e-01 -4.059610591790941414e-01 4.755569708624500236e-01 5.206817399959903225e-01 7.187139563744528170e-02 -4.211769391236919180e-01 -3.834365773379724840e-01 8.852312932560275627e-01 0.000000000000000000e+00 0.000000000000000000e+00 0.000000000000000000e+00 0.000000000000000000e+00 0.000000000000000000e+00
-3.987266913845305960e-01 -6.301118624456137907e-01 -5.209679152942251479e-01 1.025763919588446593e-01 5.552859924822709514e-01 4.850311471044516098e-01 -2.726496487266681923e-01 7.911556430183765143e-02 -4.133859557620421232e-01 2.066153313410734882e-01 -4.040492610418153219e-01 9.095079545586123304e-01 0.000000000000000000e+00 0.000000000000000000e+00 0.000000000000000000e+00 0.000000000000000000e+00
3.121175743245329648e-01 -3.085283955515890075e-01 3.423135445072491567e-01 6.082744088192509890e-01 2.556093075672521975e-01 -1.471874004616859632e-01 5.132319958364498502e-01 -4.631089895208168605e-01 -5.127758312815391406e-01 3.415332032765441284e-01 2.422186492125275037e-01 -4.494948684122641036e-01 7.045550353846923297e-01 0.000000000000000000e+00 0.000000000000000000e+00 0.000000000000000000e+00
-4.649486673402838943e-01 -2.314548036157880809e-02 4.165184806616887281e-01 -4.601016962418953971e-01 4.108713167102702180e-01 -3.786759859774123660e-01 1.127869089721984658e-01 5.066214422675716644e-01 -4.811792451184532804e-01 2.362107667515518650e-01 -2.382162321876305222e-01 -9.856220024376398381e-02 3.199564558120174818e-01 7.155841310920909581e-01 0.000000000000000000e+00 0.000000000000000000e+00
5.905064901018318713e-01 4.613786695226952950e-01 1.109069419838362991e-01 -4.524112155546339276e-01 4.201063555170505559e-01 3.659414614062517779e-01 1.582691986075842050e-01 -4.039436693185604055e-01 -3.446861887963964532e-01 -1.186414117712066146e-01 2.006665100678393931e-02 -2.739215745582584405e-01 -2.694520553777596250e-01 -2.792121537046161617e-01 6.726173619571022000e-01 0.000000000000000000e+00
-5.467429557026445286e-01 5.146778934792902716e-01 -1.753249589882277248e-01 5.441101198906379555e-01 3.921379552239651067e-01 2.891163656253153413e-01 -7.331901105860458290e-02 5.498802417914209206e-01 4.252878274423376598e-02 -1.576905467469021938e-01 -2.457756522205407079e-01 -3.939515520840827789e-01 3.036055531257129680e-01 2.459609445931754679e-01 -2.024614015458100214e-01 6.426768831046996144e-01
