1.630845761390431692e+00 0.000000000000000000e+00 0.000000000000000000e+00 0.000000000000000000e+00 0.000000000000000000e+00 0.000000000000000000e+00 0.000000000000000000e+00 0.000000000000000000e+00 0.000000000000000000e+00 0.000000000000000000e+00 0.000000000000000000e+00 0.000000000000000000e+00 0.000000000000000000e+00 0.000000000000000000e+00 0.000000000000000000e+00 0.000000000000000000e+00
-7.968631316971054313e-01 1.428712728235221885e+00 0.000000000000000000e+00 0.000000000000000000e+00 0.000000000000000000e+00 0.000000000000000000e+00 0.000000000000000000e+00 0.000000000000000000e+00 0.000000000000000000e+00 0.000000000000000000e+00 0.000000000000000000e+00 0.000000000000000000e+00 0.000000000000000000e+00 0.000000000000000000e+00 0.000000000000000000e+00 0.000000000000000000e+00
4.182209429863749661e-01 -6.875481340272391328e-01 1.464319774500847382e+00 0.000000000000000000e+00 0.000000000000000000e+00 0.000000000000000000e+00 0.000000000000000000e+00 0.000000000000000000e+00 0.000000000000000000e+00 0.000000000000000000e+00 0.000000000000000000e+00 0.000000000000000000e+00 0.000000000000000000e+00 0.000000000000000000e+00 0.000000000000000000e+00 0.000000000000000000e+00
-3.814576019785502758e-01 -7.057217446096671898e-01 7.233296302640976894e-01 1.282171664059432281e+00 0.000000000000000000e+00 0.000000000000000000e+00 0.000000000000000000e+00 0.000000000000000000e+00 0.000000000000000000e+00 0.000000000000000000e+00 0.000000000000000000e+00 0.000000000000000000e+00 0.000000000000000000e+00 0.000000000000000000e+00 0.000000000000000000e+00 0.000000000000000000e+00
4.129205913096792302e-01 -6.968261062528769978e-01 4.757560322911179029e-01 5.979722202643339424e-01 1.263760994326864617e+00 0.000000000000000000e+00 0.000000000000000000e+00 0.000000000000000000e+00 0.000000000000000000e+00 0.000000000000000000e+00 0.000000000000000000e+00 0.000000000000000000e+00 0.000000000000000000e+00 0.000000000000000000e+00 0.000000000000000000e+00 0.000000000000000000e+00
-3.976067158814831082e-01 6.973910269864456168e-01 -5.047585607714153433e-01 -5.769573434280923507e-01 4.509910204094809694e-01 1.178148882137348918e+00 0.000000000000000000e+00 0.000000000000000000e+00 0.000000000000000000e+00 0.000000000000000000e+00 0.000000000000000000e+00 0.000000000000000000e+00 0.000000000000000000e+00 0.000000000000000000e+00 0.000000000000000000e+00 0.000000000000000000e+00
7.848152569994751859e-01 -4.758698770556425983e-01 -1.219047293869578857e-02 -5.788141715487914452e-01 -3.274418711656312819e-01 4.579690124352854830e-01 1.118951206820215205e+00 0.000000000000000000e+00 0.000000000000000000e+00 0.000000000000000000e+00 0.000000000000000000e+00 0.000000000000000000e+00 0.000000000000000000e+00 0.000000000000000000e+00 0.000000000000000000e+00 0.000000000000000000e+00
-7.819813685624947830e-01 -4.726225522532418455e-01 1.270372300144256318e-02 5.549158478362111735e-01 -2.603534298505920663e-01 -2.508744398566709055e-01 -5.425551790140425990e-01 1.088245729109510229e+00 0.000000000000000000e+00 0.000000000000000000e+00 0.000000000000000000e+00 0.000000000000000000e+00 0.000000000000000000e+00 0.000000000000000000e+00 0.000000000000000000e+00 0.000000000000000000e+00
-4.405032938159185174e-01 -7.034108932727302088e-01 -2.337295888899319496e-01 -4.315789695167789319e-01 -5.781697905223612821e-01 -3.962839221452863492e-01 4.261509783442353205e-01 -4.477818465947194237e-01 1.022731057697916501e+00 0.000000000000000000e+00 0.000000000000000000e+00 0.000000000000000000e+00 0.000000000000000000e+00 0.000000000000000000e+00 0.000000000000000000e+00 0.000000000000000000e+00
8.008173247746793733e-01 -5.102668253635054274e-01 -5.111315945978796016e-01 2.795026616735140634e-01 7.506216834083981326e-02 5.239537853524556255e-01 -2.606899083634984793e-01 -3.767983527436598590e-01 -5.054195758698963870e-01 9.233104163177739965e-01 0.000000000000000000e+00 0.000000000000000000e+00 0.000000000000000000e+00 0.000000000000000000e+00 0.000000000000000000e+00 0.000000000000000000e+00
-3.907734378500249961e-01 6.964459494154436880e-01 -4.947970522382277303e-01 5.791615983461948503e-01 5.213131756703333064e-01 4.811871684511139780e-01 -3.911445023994929993e-01 -2.563124379867340319e-01 2.791992413542065954e-01 -1.465930923399617197e-02 8.878410788684862887e-01 0.000000000000000000e+00 0.000000000000000000e+00 0.000000000000000000e+00 0.000000000000000000e+00 0.000000000000000000e+00
7.722460990459947272e-01 -4.745728210191819119e-01 -4.815979128794646846e-01 -2.665686960306396514e-01 3.127061591068752144e-01 -4.567870913660126431e-01 5.491599224381368272e-01 -4.976424507370174610e-01 2.610514177965250066e-02 -2.294232632080180911e-01 7.686801332748820215e-02 8.217014046430207719e-01 0.000000000000000000e+00 0.000000000000000000e+00 0.000000000000000000e+00 0.000000000000000000e+00
4.230831899629585724e-01 6.950994052615351304e-01 -7.318787218318757448e-01 -1.657373255017265956e-01 -5.158255871029694406e-01 1.147563829944340530e-01 -2.747945776393019846e-01 4.906691646129949236e-01 -1.189413216763186981e-01 4.511590733912070883e-01 -4.073810244696896010e-01 4.095919599984758075e-01 6.557804847477600729e-01 0.000000000000000000e+00 0.000000000000000000e+00 0.000000000000000000e+00
3.994830231836226098e-01 6.984954643477955250e-01 -7.146805019162515427e-01 -1.436538829752879998e-01 -5.100020904008440992e-01 -4.874195011777125441e-01 -2.460411446572762298e-02 5.121529659345629426e-01 -4.781050532722961321e-01 -1.117309197428727197e-01 1.228813299817418658e-01 -2.730552422168145421e-01 -2.152552809195680261e-01 6.827850762687390773e-01 0.000000000000000000e+00 0.000000000000000000e+00
4.032040485075480407e-01 7.080236590848165701e-01 -7.250111410069579598e-01 4.587708501976971998e-01 3.794080522936427724e-01 -5.500900313897548743e-01 -8.870826809355480957e-02 -2.985983003804787983e-01 -1.040937877128257499e-01 -4.360365969564609090e-01 -3.010286383547723932e-01 -6.953969571374764291e-02 -5.679112331576752866e-04 3.397292788475244074e-01 6.856690568407496356e-01 0.000000000000000000e+00
7.966041935447862876e-01 4.581243955580756033e-01 -5.125413860832325197e-01 3.132073019020609195e-01 6.293232167276242572e-01 3.138954427590728291e-01 3.950387718929726510e-01 -1.780393648852400812e-01 -4.773391150909627734e-01 2.684618532517158984e-01 1.158928465434567179e-01 -2.762433123353408848e-01 2.183191264608311533e-01 -2.565718251635980534e-03 3.374711877570264473e-01 5.961305085163197681e-01
