1.391629648768842653e+00 0.000000000000000000e+00 0.000000000000000000e+00 0.000000000000000000e+00 0.000000000000000000e+00 0.000000000000000000e+00 0.000000000000000000e+00 0.000000000000000000e+00 0.000000000000000000e+00 0.000000000000000000e+00
6.948329747019171831e-01 1.239328609610850229e+00 0.000000000000000000e+00 0.000000000000000000e+00 0.000000000000000000e+00 0.000000000000000000e+00 0.000000000000000000e+00 0.000000000000000000e+00 0.000000000000000000e+00 0.000000000000000000e+00
6.853935624702883755e-01 -4.170117112393790237e-01 1.149199004414912073e+00 0.000000000000000000e+00 0.000000000000000000e+00 0.000000000000000000e+00 0.000000000000000000e+00 0.000000000000000000e+00 0.000000000000000000e+00 0.000000000000000000e+00
-6.691842710605553357e-01 -4.004073421929854049e-01 -5.723714585944200683e-01 1.227148785902332451e+00 0.000000000000000000e+00 0.000000000000000000e+00 0.000000000000000000e+00 0.000000000000000000e+00 0.000000000000000000e+00 0.000000000000000000e+00
6.894327993792910281e-01 -4.261478653478501522e-01 2.911302522069731946e-01 4.024081060958434319e-01 1.044060366067123491e+00 0.000000000000000000e+00 0.000000000000000000e+00 0.000000000000000000e+00 0.000000000000000000e+00 0.000000000000000000e+00
6.847739009189997006e-01 3.937611504457939615e-01 5.726762551409010360e-01 -4.689794219610431136e-03 4.878884317838196316e-01 8.804026144821628375e-01 0.000000000000000000e+00 0.000000000000000000e+00 0.000000000000000000e+00 0.000000000000000000e+00
6.859026147663984663e-01 -4.267161864011124739e-01 2.887439436086911559e-01 -4.071034530346038238e-01 4.019656594131363336e-01 3.557066629333403007e-01 8.984611560923388973e-01 0.000000000000000000e+00 0.000000000000000000e+00 0.000000000000000000e+00
-6.883628559021816029e-01 4.266402797915966327e-01 -2.831740958755833981e-01 4.120370381611825339e-01 -4.048069477981244280e-01 -3.476240593480134367e-01 2.204030758337899853e-01 8.651545963915663329e-01 0.000000000000000000e+00 0.000000000000000000e+00
-6.831004045434034833e-01 4.344677371092346974e-01 -2.843503634791852974e-01 4.106293985153721127e-01 -4.087589183303600437e-01 -3.491662685840227209e-01 2.228959459044147218e-01 -2.908830973281404386e-01 8.149361910626360395e-01 0.000000000000000000e+00
-6.673453993620626079e-01 4.283389819178866076e-01 -2.891596645223105111e-01 4.188192971162923439e-01 -4.032269195354322711e-01 -3.557835303234056501e-01 2.294910293674768953e-01 -2.903484785591429751e-01 -4.046467511248929561e-01 7.061123788543561819e-01
