1.565930580044678111e+00 0.000000000000000000e+00 0.000000000000000000e+00 0.000000000000000000e+00 0.000000000000000000e+00 0.000000000000000000e+00 0.000000000000000000e+00 0.000000000000000000e+00 0.000000000000000000e+00 0.000000000000000000e+00 0.000000000000000000e+00 0.000000000000000000e+00 0.000000000000000000e+00
6.140059776606018316e-01 1.501075045524831619e+00 0.000000000000000000e+00 0.000000000000000000e+00 0.000000000000000000e+00 0.000000000000000000e+00 0.000000000000000000e+00 0.000000000000000000e+00 0.000000000000000000e+00 0.000000000000000000e+00 0.000000000000000000e+00 0.000000000000000000e+00 0.000000000000000000e+00
6.202506977255062282e-01 -5.073158426929579301e-01 1.411456720634010731e+00 0.000000000000000000e+00 0.000000000000000000e+00 0.000000000000000000e+00 0.000000000000000000e+00 0.000000000000000000e+00 0.000000000000000000e+00 0.000000000000000000e+00 0.000000000000000000e+00 0.000000000000000000e+00 0.000000000000000000e+00
4.037518871924195007e-01 5.357842554776226507e-01 -6.157284134636470396e-01 1.252978268415210428e+00 0.000000000000000000e+00 0.000000000000000000e+00 0.000000000000000000e+00 0.000000000000000000e+00 0.000000000000000000e+00 0.000000000000000000e+00 0.000000000000000000e+00 0.000000000000000000e+00 0.000000000000000000e+00
6.498609538732641466e-01 -2.778750004311602573e-01 -3.557557871659432491e-01 5.466880291018486604e-01 1.042729155824366982e+00 0.000000000000000000e+00 0.000000000000000000e+00 0.000000000000000000e+00 0.000000000000000000e+00 0.000000000000000000e+00 0.000000000000000000e+00 0.000000000000000000e+00 0.000000000000000000e+00
-6.189754837215295513e-01 4.990704161278798345e-01 -6.979787001038894045e-01 -4.450931673301153357e-01 -4.846743333855101921e-01 1.028364185118805008e+00 0.000000000000000000e+00 0.000000000000000000e+00 0.000000000000000000e+00 0.000000000000000000e+00 0.000000000000000000e+00 0.000000000000000000e+00 0.000000000000000000e+00
5.640137050149783837e-01 -7.012076386522545501e-01 3.738849319445477493e-01 -4.005033970176645752e-01 -2.245060571596285970e-01 -5.093275948430519007e-01 1.026516254035166220e+00 0.000000000000000000e+00 0.000000000000000000e+00 0.000000000000000000e+00 0.000000000000000000e+00 0.000000000000000000e+00 0.000000000000000000e+00
-6.438529186934235371e-01 2.601171153226604638e-01 3.464139667793104116e-01 -5.472994517844212981e-01 -8.857044104400023377e-02 4.526996984238387811e-01 4.196690576961786268e-01 8.444821054487603451e-01 0.000000000000000000e+00 0.000000000000000000e+00 0.000000000000000000e+00 0.000000000000000000e+00 0.000000000000000000e+00
-6.693293467144335596e-01 -3.892270844990522449e-01 1.365707630399597972e-01 -3.453080208985920274e-01 -4.224383999404623391e-01 -4.448516871261144479e-01 -4.046526898865539512e-01 -2.691743255283892688e-01 8.126844787750008292e-01 0.000000000000000000e+00 0.000000000000000000e+00 0.000000000000000000e+00 0.000000000000000000e+00
6.652739741471581647e-01 -2.748543416362673186e-01 -3.438047451458858261e-01 5.283049423716852377e-01 8.195606742042363391e-02 5.056973824123742745e-01 5.814453374947148312e-02 -4.043350331579813606e-01 -3.284072024296638137e-01 7.441715946689294592e-01 0.000000000000000000e+00 0.000000000000000000e+00 0.000000000000000000e+00
-6.292018972131419030e-01 2.252530838483775555e-01 3.767772982215881750e-01 2.794187377436580522e-01 4.459503981096601399e-01 7.800526916709490943e-02 -3.556441907570529470e-01 -3.820871288605589000e-01 -3.334233639135296690e-01 2.119877502337878528e-01 8.270695092257921432e-01 0.000000000000000000e+00 0.000000000000000000e+00
-6.434309426567692558e-01 2.448961642619265078e-01 3.775079636446113107e-01 2.735204880711167852e-01 4.525816731474440191e-01 6.440790495001494365e-02 -3.543838233514090552e-01 -3.725877094370153020e-01 -3.526482581102878822e-01 1.858547455928920844e-01 -3.823101129904049600e-01 7.308461983181370192e-01 0.000000000000000000e+00
2.396180935202701576e-02 -6.695356387374525875e-01 4.807420835548228411e-01 5.188627787149120429e-01 -2.698971690719727534e-01 -2.022926669413692702e-01 3.407765604829919304e-01 2.503197796755912696e-01 -1.756086087320496703e-01 -1.820306732300966679e-01 2.243271989344150230e-01 3.651516949035039095e-01 7.079069666574377973e-01
