1.510332706258397995e+00 0.000000000000000000e+00 0.000000000000000000e+00 0.000000000000000000e+00 0.000000000000000000e+00 0.000000000000000000e+00 0.000000000000000000e+00 0.000000000000000000e+00 0.000000000000000000e+00 0.000000000000000000e+00 0.000000000000000000e+00 0.000000000000000000e+00 0.000000000000000000e+00 0.000000000000000000e+00 0.000000000000000000e+00 0.000000000000000000e+00 0.000000000000000000e+00 0.000000000000000000e+00 0.000000000000000000e+00
7.324983305504075837e-01 1.494731608844606319e+00 0.000000000000000000e+00 0.000000000000000000e+00 0.000000000000000000e+00 0.000000000000000000e+00 0.000000000000000000e+00 0.000000000000000000e+00 0.000000000000000000e+00 0.000000000000000000e+00 0.000000000000000000e+00 0.000000000000000000e+00 0.000000000000000000e+00 0.000000000000000000e+00 0.000000000000000000e+00 0.000000000000000000e+00 0.000000000000000000e+00 0.000000000000000000e+00 0.000000000000000000e+00
7.513753340165543193e-01 6.462648255957499366e-01 1.388851881211218053e+00 0.000000000000000000e+00 0.000000000000000000e+00 0.000000000000000000e+00 0.000000000000000000e+00 0.000000000000000000e+00 0.000000000000000000e+00 0.000000000000000000e+00 0.000000000000000000e+00 0.000000000000000000e+00 0.000000000000000000e+00 0.000000000000000000e+00 0.000000000000000000e+00 0.000000000000000000e+00 0.000000000000000000e+00 0.000000000000000000e+00 0.000000000000000000e+00
-7.176973182050618849e-01 -5.720233223156935276e-01 -4.739438796393333764e-01 1.256880565089056878e+00 0.000000000000000000e+00 0.000000000000000000e+00 0.000000000000000000e+00 0.000000000000000000e+00 0.000000000000000000e+00 0.000000000000000000e+00 0.000000000000000000e+00 0.000000000000000000e+00 0.000000000000000000e+00 0.000000000000000000e+00 0.000000000000000000e+00 0.000000000000000000e+00 0.000000000000000000e+00 0.000000000000000000e+00 0.000000000000000000e+00
7.166133144682765854e-01 -2.557543133462988338e-01 6.739823113474168181e-01 -3.351614603338251563e-01 1.135027746242709412e+00 0.000000000000000000e+00 0.000000000000000000e+00 0.000000000000000000e+00 0.000000000000000000e+00 0.000000000000000000e+00 0.000000000000000000e+00 0.000000000000000000e+00 0.000000000000000000e+00 0.000000000000000000e+00 0.000000000000000000e+00 0.000000000000000000e+00 0.000000000000000000e+00 0.000000000000000000e+00 0.000000000000000000e+00
-3.453295046300600135e-01 7.169538116264982941e-01 4.081038002313329138e-01 3.118273746472992047e-01 4.008843025337324728e-01 1.296349671615127486e+00 0.000000000000000000e+00 0.000000000000000000e+00 0.000000000000000000e+00 0.000000000000000000e+00 0.000000000000000000e+00 0.000000000000000000e+00 0.000000000000000000e+00 0.000000000000000000e+00 0.000000000000000000e+00 0.000000000000000000e+00 0.000000000000000000e+00 0.000000000000000000e+00 0.000000000000000000e+00
-6.902280366233305431e-01 1.665196805896741183e-01 3.400002821116338697e-02 1.941277717343753151e-01 5.566789619484900919e-01 5.003496670289201420e-01 1.258150936698212652e+00 0.000000000000000000e+00 0.000000000000000000e+00 0.000000000000000000e+00 0.000000000000000000e+00 0.000000000000000000e+00 0.000000000000000000e+00 0.000000000000000000e+00 0.000000000000000000e+00 0.000000000000000000e+00 0.000000000000000000e+00 0.000000000000000000e+00 0.000000000000000000e+00
-1.677520546182796612e-02 6.168266535766196990e-01 5.652998387369017053e-01 5.809039242385033441e-01 -2.619473157403163777e-01 -9.040041742703674998e-03 5.851652992480631532e-01 1.192575950221360870e+00 0.000000000000000000e+00 0.000000000000000000e+00 0.000000000000000000e+00 0.000000000000000000e+00 0.000000000000000000e+00 0.000000000000000000e+00 0.000000000000000000e+00 0.000000000000000000e+00 0.000000000000000000e+00 0.000000000000000000e+00 0.000000000000000000e+00
-3.869783311882440402e-01 -5.634421483504161721e-01 -1.246804418136799935e-03 3.865052948150431156e-02 -4.504011462900782692e-01 -6.466758755117464341e-01 -3.251216769547091712e-01 -4.814601193600007156e-01 1.138553522267847784e+00 0.000000000000000000e+00 0.000000000000000000e+00 0.000000000000000000e+00 0.000000000000000000e+00 0.000000000000000000e+00 0.000000000000000000e+00 0.000000000000000000e+00 0.000000000000000000e+00 0.000000000000000000e+00 0.000000000000000000e+00
3.959762915722988552e-01 -3.868377905224613666e-01 -7.688018172547156359e-02 -4.392920255515896377e-01 -4.819306620667898611e-01 3.705922815101767021e-01 4.196577026005970934e-01 5.920398838925713392e-01 -5.093146302976715445e-01 1.096986992652822623e+00 0.000000000000000000e+00 0.000000000000000000e+00 0.000000000000000000e+00 0.000000000000000000e+00 0.000000000000000000e+00 0.000000000000000000e+00 0.000000000000000000e+00 0.000000000000000000e+00 0.000000000000000000e+00
7.027554886359741460e-01 -6.314077642687604408e-01 -4.771385528883516081e-01 3.603842630873411723e-01 -6.586222911512780442e-02 -6.206525686537707198e-01 -5.878676842710545136e-01 1.302301029906198504e-01 3.469904574749809595e-02 4.686488709108884154e-01 9.487661020427099468e-01 0.000000000000000000e+00 0.000000000000000000e+00 0.000000000000000000e+00 0.000000000000000000e+00 0.000000000000000000e+00 0.000000000000000000e+00 0.000000000000000000e+00 0.000000000000000000e+00
5.833579123260071997e-01 -1.070344421823642700e-01 -5.641757380103810116e-01 -5.871689838098995695e-01 -2.924003226739501082e-01 -1.977716343488062911e-01 -4.881771712606051694e-01 -4.773229727990485616e-01 4.238344006844739220e-01 9.790581336973140647e-02 4.042158672041226142e-01 8.432923464665303959e-01 0.000000000000000000e+00 0.000000000000000000e+00 0.000000000000000000e+00 0.000000000000000000e+00 0.000000000000000000e+00 0.000000000000000000e+00 0.000000000000000000e+00
1.353735906762680574e-01 -4.742045812230989421e-01 6.779855805141147274e-01 4.385998782487750547e-01 5.540566178581565193e-01 5.024858171754246206e-01 5.369380675512714918e-01 5.518687446491624682e-01 -2.985321019182903268e-01 -4.067384579412410273e-01 3.831972570728190974e-01 -1.489556400624006405e-01 8.020383947390556933e-01 0.000000000000000000e+00 0.000000000000000000e+00 0.000000000000000000e+00 0.000000000000000000e+00 0.000000000000000000e+00 0.000000000000000000e+00
6.584174748026031532e-01 4.047868089058911933e-01 5.426209862721425026e-01 2.709303135756431224e-01 7.479422143948660784e-02 -6.465491921221088178e-01 -5.720384912223681617e-01 1.465689890282703689e-01 -5.283987556750771031e-01 1.142147849469701409e-01 -5.035832646280641485e-03 4.340681019442034494e-02 6.799752750267779033e-02 7.881073529204807304e-01 0.000000000000000000e+00 0.000000000000000000e+00 0.000000000000000000e+00 0.000000000000000000e+00 0.000000000000000000e+00
1.130366657640602401e-01 -4.484858054174554187e-01 -8.513516778548374520e-02 -5.337502654022878712e-01 3.048420683214925764e-01 6.452816720649624527e-01 4.492510623676665427e-01 -4.740892762936108618e-01 -4.534131119009762179e-01 -4.706001478061577759e-01 1.044269159000265346e-01 -4.120551901906770453e-01 -1.832816240606328084e-01 -2.759072669352938822e-01 7.616948742292489749e-01 0.000000000000000000e+00 0.000000000000000000e+00 0.000000000000000000e+00 0.000000000000000000e+00
-2.110337731750196177e-01 6.696789195884752521e-01 -4.778049477804013900e-01 4.149876888016463816e-01 1.259678775995721201e-01 -1.570435942863895040e-01 4.811547203700499153e-01 -3.677894025409986223e-01 -5.656907466251950289e-01 -5.355188940422883626e-01 -1.173350478603263497e-01 4.086589982756450024e-01 7.741275134595362872e-02 2.447085757074156653e-01 2.481342120765226977e-01 7.675224431238147904e-01 0.000000000000000000e+00 0.000000000000000000e+00 0.000000000000000000e+00
-5.244285929918939271e-01 -6.124647792982685912e-01 5.797657050459802397e-01 6.048248151969259911e-01 -2.065167379652637081e-01 4.854374545092281501e-01 2.688377115784914007e-01 -6.660276749953086828e-02 -4.823738879874076013e-01 3.724338087611780979e-02 4.296629417021975983e-01 -2.046095516194076924e-01 1.362028511136788300e-01 -3.720269088949423875e-01 2.964941810043530412e-01 -3.340456305288878047e-01 7.428663812082032525e-01 0.000000000000000000e+00 0.000000000000000000e+00
-3.640700083177834945e-02 -4.183451465320587870e-01 -6.638271611851382925e-01 4.809003808162221061e-01 -5.069362213697315989e-01 4.607196684068708969e-01 5.632281275877986104e-01 6.038279045918140686e-02 5.183657731469404339e-01 4.555876858600197976e-01 1.763867143816716387e-01 3.978772530557583842e-01 -1.356839711125539805e-01 -1.582035942377846283e-01 -3.134560223495697073e-01 2.483006432439157640e-01 2.997903899052232757e-01 6.518376136217405303e-01 0.000000000000000000e+00
-5.953070309257809667e-01 3.348375818638299473e-01 -7.979112640828969760e-02 4.999355492440072379e-01 3.812086406043264097e-01 6.113845167006880521e-01 3.173048364149212985e-01 -2.801665495763820957e-01 -4.523044002377332173e-01 2.468016906318292736e-01 -2.397604294593251029e-01 -3.139268085266773700e-01 3.829546867839150881e-01 2.989528715351504329e-01 1.464767342143135365e-01 -3.433255830825642230e-01 1.404506147909866665e-01 -3.005436752497109287e-01 6.427939120417444085e-01
