1.572547784988879149e+00 0.000000000000000000e+00 0.000000000000000000e+00 0.000000000000000000e+00 0.000000000000000000e+00 0.000000000000000000e+00 0.000000000000000000e+00 0.000000000000000000e+00 0.000000000000000000e+00 0.000000000000000000e+00 0.000000000000000000e+00 0.000000000000000000e+00 0.000000000000000000e+00 0.000000000000000000e+00 0.000000000000000000e+00
5.905348753104138204e-01 1.250240803240322274e+00 0.000000000000000000e+00 0.000000000000000000e+00 0.000000000000000000e+00 0.000000000000000000e+00 0.000000000000000000e+00 0.000000000000000000e+00 0.000000000000000000e+00 0.000000000000000000e+00 0.000000000000000000e+00 0.000000000000000000e+00 0.000000000000000000e+00 0.000000000000000000e+00 0.000000000000000000e+00
4.164209914444745864e-01 -2.648091433195462474e-01 1.513822301716375440e+00 0.000000000000000000e+00 0.000000000000000000e+00 0.000000000000000000e+00 0.000000000000000000e+00 0.000000000000000000e+00 0.000000000000000000e+00 0.000000000000000000e+00 0.000000000000000000e+00 0.000000000000000000e+00 0.000000000000000000e+00 0.000000000000000000e+00 0.000000000000000000e+00
-7.516070441901459009e-01 -4.474613534905796941e-01 6.434827390481403508e-01 1.236827898827696393e+00 0.000000000000000000e+00 0.000000000000000000e+00 0.000000000000000000e+00 0.000000000000000000e+00 0.000000000000000000e+00 0.000000000000000000e+00 0.000000000000000000e+00 0.000000000000000000e+00 0.000000000000000000e+00 0.000000000000000000e+00 0.000000000000000000e+00
-7.222596024650861368e-01 -4.365601798970606406e-01 -6.688065472200647177e-01 -1.852196595302458559e-01 1.294070325035593161e+00 0.000000000000000000e+00 0.000000000000000000e+00 0.000000000000000000e+00 0.000000000000000000e+00 0.000000000000000000e+00 0.000000000000000000e+00 0.000000000000000000e+00 0.000000000000000000e+00 0.000000000000000000e+00 0.000000000000000000e+00
-7.470950004095865404e-01 -3.485298317342432894e-01 -2.674931383075823121e-01 -5.919254116071583915e-01 4.263657534140897765e-01 1.161652267320941068e+00 0.000000000000000000e+00 0.000000000000000000e+00 0.000000000000000000e+00 0.000000000000000000e+00 0.000000000000000000e+00 0.000000000000000000e+00 0.000000000000000000e+00 0.000000000000000000e+00 0.000000000000000000e+00
7.607916832235207538e-01 -3.966738966521995424e-01 -6.373965565077654993e-01 -1.747991161779818281e-01 4.386315771931608154e-01 -5.097608877225365820e-01 1.000498846869482206e+00 0.000000000000000000e+00 0.000000000000000000e+00 0.000000000000000000e+00 0.000000000000000000e+00 0.000000000000000000e+00 0.000000000000000000e+00 0.000000000000000000e+00 0.000000000000000000e+00
-6.627199580158830150e-01 -4.636412442202437201e-01 3.369556547768230992e-01 1.471606910253717981e-01 3.205395617914351125e-01 5.100443880462022239e-01 4.740110636919182552e-01 9.986499887844878520e-01 0.000000000000000000e+00 0.000000000000000000e+00 0.000000000000000000e+00 0.000000000000000000e+00 0.000000000000000000e+00 0.000000000000000000e+00 0.000000000000000000e+00
-5.159547424477599559e-04 -1.276491154480183937e-02 -6.313214698828417681e-01 -4.751115697537490190e-01 3.720712264825611904e-01 -4.944218235890336932e-01 8.431037424136629543e-02 4.092689169364864821e-01 8.914338805825945400e-01 0.000000000000000000e+00 0.000000000000000000e+00 0.000000000000000000e+00 0.000000000000000000e+00 0.000000000000000000e+00 0.000000000000000000e+00
6.604574418604061137e-01 4.146625723435986011e-01 4.575755437846967810e-01 -3.786631374039257647e-01 -6.536347744380154035e-02 4.480673383285539435e-01 1.712752846189277700e-01 3.657612497997653755e-01 2.325332798859166827e-01 9.324257924679837384e-01 0.000000000000000000e+00 0.000000000000000000e+00 0.000000000000000000e+00 0.000000000000000000e+00 0.000000000000000000e+00
6.788651923619913875e-01 -3.423391879946421357e-01 4.491124334163730802e-01 -2.359868634607246995e-01 -5.377236525875037643e-01 -4.518794511474404918e-01 2.774102762408995893e-01 1.984561599837291745e-01 3.136851550568695024e-02 -2.985793650000236887e-01 8.386890536883633285e-01 0.000000000000000000e+00 0.000000000000000000e+00 0.000000000000000000e+00 0.000000000000000000e+00
-6.653079360438612921e-01 -4.681037683885325151e-01 -4.404935967047392542e-01 3.828995369985305763e-01 9.853349531089865276e-02 -4.226150894115406342e-01 -2.099584182075695526e-01 -3.872200793858799339e-01 -2.634268047063884066e-01 1.388361040881069541e-01 3.735230159861159804e-01 8.361162095155221241e-01 0.000000000000000000e+00 0.000000000000000000e+00 0.000000000000000000e+00
7.131232769204570721e-01 4.477424893831881691e-01 -7.124262699188310677e-01 5.789889195800316246e-01 5.433880412589154885e-01 2.130321254880654380e-01 -4.244145923491012273e-01 -2.839898567742736302e-01 -1.849523452627346021e-01 -3.842014072440297356e-01 2.452208608796347389e-01 3.830588471110774051e-01 7.364606347192488300e-01 0.000000000000000000e+00 0.000000000000000000e+00
3.988286025613058117e-02 -3.690517095341443871e-02 -6.693173357539843327e-01 -4.585836783181707621e-01 4.274749159775064755e-01 -4.251149728830658225e-01 2.272287687249932228e-02 4.146124170781003704e-01 -2.038861427515082925e-01 2.450052529540436286e-01 1.599584078835637191e-01 -3.827182610749274017e-01 6.546030218002353573e-02 7.068807821063474162e-01 0.000000000000000000e+00
5.120542294087030433e-01 -2.527834350070916059e-01 -3.049690536054678325e-01 3.511819655473261137e-01 -6.278736579430335141e-01 -7.374629284933378881e-02 4.754126282051585606e-01 3.471972062671399573e-01 -8.052152585285710443e-03 -2.163056578231731253e-01 -5.103908317237618175e-02 2.877969378567132308e-01 -3.235680931869255872e-01 3.216961102964696617e-01 5.960567996819594594e-01
