1.377333193157284530e+00 0.000000000000000000e+00 0.000000000000000000e+00 0.000000000000000000e+00 0.000000000000000000e+00 0.000000000000000000e+00 0.000000000000000000e+00 0.000000000000000000e+00 0.000000000000000000e+00 0.000000000000000000e+00 0.000000000000000000e+00
6.845994934532068088e-01 1.224902946174458052e+00 0.000000000000000000e+00 0.000000000000000000e+00 0.000000000000000000e+00 0.000000000000000000e+00 0.000000000000000000e+00 0.000000000000000000e+00 0.000000000000000000e+00 0.000000000000000000e+00 0.000000000000000000e+00
-6.768481842020914740e-01 4.251091242387170510e-01 1.375682521798583968e+00 0.000000000000000000e+00 0.000000000000000000e+00 0.000000000000000000e+00 0.000000000000000000e+00 0.000000000000000000e+00 0.000000000000000000e+00 0.000000000000000000e+00 0.000000000000000000e+00
-6.840346663530371130e-01 -4.042572353191393186e-01 6.807322243753206603e-01 1.213529535142529259e+00 0.000000000000000000e+00 0.000000000000000000e+00 0.000000000000000000e+00 0.000000000000000000e+00 0.000000000000000000e+00 0.000000000000000000e+00 0.000000000000000000e+00
6.873697043291333575e-01 4.068405433755219458e-01 -6.754166814521713746e-01 4.095471287913003411e-01 1.132542340796876656e+00 0.000000000000000000e+00 0.000000000000000000e+00 0.000000000000000000e+00 0.000000000000000000e+00 0.000000000000000000e+00 0.000000000000000000e+00
6.838920740250648000e-01 3.959844981850940693e-01 6.835067451944434325e-01 3.874777579206661327e-01 -5.647666932802796191e-01 9.907494954681153043e-01 0.000000000000000000e+00 0.000000000000000000e+00 0.000000000000000000e+00 0.000000000000000000e+00 0.000000000000000000e+00
-6.820894591950863450e-01 4.422845910589057739e-01 6.846277616668688948e-01 -3.965476893824700366e-01 -2.850537432670285365e-01 -4.945779069027758101e-01 9.879543002942212659e-01 0.000000000000000000e+00 0.000000000000000000e+00 0.000000000000000000e+00 0.000000000000000000e+00
6.742623455919063424e-01 3.905467034085524647e-01 -6.803599150781982630e-01 -4.148201035380520985e-01 -2.813895523101457852e-01 4.924853518376159922e-01 4.921048487808206140e-01 8.617688391715669916e-01 0.000000000000000000e+00 0.000000000000000000e+00 0.000000000000000000e+00
-6.758477138913109306e-01 4.353359322970689615e-01 2.372615758769152094e-01 -3.978672998524688253e-01 5.652873270676316286e-01 -3.338415530465009828e-01 -4.392641560914618327e-04 -3.887421317399284981e-01 7.138713884260499132e-01 0.000000000000000000e+00 0.000000000000000000e+00
6.839086086817234289e-01 4.106006486329962790e-01 -6.711892717667233832e-01 -4.065914439469180408e-01 5.631052251210719728e-01 -4.880619846680619598e-04 4.917859857141195223e-01 2.849150127738550031e-01 1.511540697248766607e-01 7.941896971438067165e-01 0.000000000000000000e+00
-6.885754252337079606e-01 4.163051404842288417e-01 6.797089929315630608e-01 4.064045594476610179e-01 -5.657669743728324097e-01 -2.501527262120018316e-03 4.936930870603425392e-01 2.898714441204069958e-01 -3.086273958293623276e-01 -3.569081480815154972e-01 6.555420611833077116e-01
