1.476442273673102656e+00 0.000000000000000000e+00 0.000000000000000000e+00 0.000000000000000000e+00 0.000000000000000000e+00 0.000000000000000000e+00 0.000000000000000000e+00 0.000000000000000000e+00 0.000000000000000000e+00 0.000000000000000000e+00 0.000000000000000000e+00 0.000000000000000000e+00
-5.476661414376792214e-01 1.262366368998621757e+00 0.000000000000000000e+00 0.000000000000000000e+00 0.000000000000000000e+00 0.000000000000000000e+00 0.000000000000000000e+00 0.000000000000000000e+00 0.000000000000000000e+00 0.000000000000000000e+00 0.000000000000000000e+00 0.000000000000000000e+00
-5.643930458791756033e-01 -4.221548586775829559e-01 1.233858847692382632e+00 0.000000000000000000e+00 0.000000000000000000e+00 0.000000000000000000e+00 0.000000000000000000e+00 0.000000000000000000e+00 0.000000000000000000e+00 0.000000000000000000e+00 0.000000000000000000e+00 0.000000000000000000e+00
-5.515309815196861587e-01 -5.357741961756646853e-01 2.500748104025507512e-02 1.173317465800421289e+00 0.000000000000000000e+00 0.000000000000000000e+00 0.000000000000000000e+00 0.000000000000000000e+00 0.000000000000000000e+00 0.000000000000000000e+00 0.000000000000000000e+00 0.000000000000000000e+00
-3.610832201852822720e-01 1.041741173557409195e-01 5.276484150765887726e-01 -5.763677784940761661e-01 1.131617952411192229e+00 0.000000000000000000e+00 0.000000000000000000e+00 0.000000000000000000e+00 0.000000000000000000e+00 0.000000000000000000e+00 0.000000000000000000e+00 0.000000000000000000e+00
-6.180374631477668634e-01 -6.055034377440206006e-01 1.685803427268255938e-01 3.858948753997999415e-01 -4.360603771568687392e-01 1.013639643221106779e+00 0.000000000000000000e+00 0.000000000000000000e+00 0.000000000000000000e+00 0.000000000000000000e+00 0.000000000000000000e+00 0.000000000000000000e+00
7.011418611231513554e-01 -4.520045591763641735e-01 4.855845417764034777e-01 -5.540908870384207985e-01 -1.542257461963533749e-01 -4.534346977582021099e-01 9.066133007676930866e-01 0.000000000000000000e+00 0.000000000000000000e+00 0.000000000000000000e+00 0.000000000000000000e+00 0.000000000000000000e+00
-6.525455745021891962e-01 9.906752357659005803e-02 1.706659943219019726e-03 -3.667833560591344244e-01 -5.496707123161045372e-01 -2.487171654898423234e-01 4.508712559419770227e-01 9.000823395572118413e-01 0.000000000000000000e+00 0.000000000000000000e+00 0.000000000000000000e+00 0.000000000000000000e+00
-6.323190376476677255e-01 5.616139522489126817e-02 -7.399843008302360581e-02 2.512653492789549969e-01 4.060326029319011321e-01 -3.566591955876984854e-01 4.127186721528656177e-01 -1.020911610584156609e-01 9.328951968689455088e-01 0.000000000000000000e+00 0.000000000000000000e+00 0.000000000000000000e+00
5.696686719735911675e-01 -6.280859702860387417e-01 -2.596466108796441352e-01 4.516689916673722882e-01 3.297943191485049885e-01 2.285751576554715669e-01 4.184381151525992104e-01 -4.313460187338517549e-01 -2.052712871337408207e-01 8.322853893431659822e-01 0.000000000000000000e+00 0.000000000000000000e+00
1.402564697059206777e-01 -5.763935343490399488e-01 6.049315939215837989e-01 -3.678132451288750882e-01 -6.526536309409099179e-02 -2.871868975549085601e-01 -1.225666829198924501e-01 -1.311899188030463126e-01 3.297931800485537912e-01 4.121619379787375692e-01 7.117453957895930605e-01 0.000000000000000000e+00
-7.369900699811130496e-01 5.140104128746871837e-01 -1.382982174479771842e-01 -3.454715616867215511e-01 -3.595276938019740798e-01 3.498945929011473277e-01 4.227461795286638346e-01 -3.657485572269101315e-01 -3.790994141410108931e-01 -7.242148896397426761e-02 3.075608415835293652e-01 7.164719474675539379e-01
