1.323535550366149227e+00 0.000000000000000000e+00 0.000000000000000000e+00 0.000000000000000000e+00 0.000000000000000000e+00 0.000000000000000000e+00 0.000000000000000000e+00 0.000000000000000000e+00 0.000000000000000000e+00 0.000000000000000000e+00 0.000000000000000000e+00 0.000000000000000000e+00
2.003559158372691246e-02 1.357041916465335341e+00 0.000000000000000000e+00 0.000000000000000000e+00 0.000000000000000000e+00 0.000000000000000000e+00 0.000000000000000000e+00 0.000000000000000000e+00 0.000000000000000000e+00 0.000000000000000000e+00 0.000000000000000000e+00 0.000000000000000000e+00
-3.166788756054085552e-02 -2.966444805509796390e-01 1.420811986671734806e+00 0.000000000000000000e+00 0.000000000000000000e+00 0.000000000000000000e+00 0.000000000000000000e+00 0.000000000000000000e+00 0.000000000000000000e+00 0.000000000000000000e+00 0.000000000000000000e+00 0.000000000000000000e+00
-4.829736640337141673e-01 6.188413248719785154e-01 -5.993432721689256892e-01 1.089979616976766819e+00 0.000000000000000000e+00 0.000000000000000000e+00 0.000000000000000000e+00 0.000000000000000000e+00 0.000000000000000000e+00 0.000000000000000000e+00 0.000000000000000000e+00 0.000000000000000000e+00
5.114301348122181068e-01 -3.283973635050003725e-01 -1.120707327650693891e-01 4.248703915634232109e-01 1.073769663544016595e+00 0.000000000000000000e+00 0.000000000000000000e+00 0.000000000000000000e+00 0.000000000000000000e+00 0.000000000000000000e+00 0.000000000000000000e+00 0.000000000000000000e+00
-5.973691888833686514e-01 -5.627730585126118346e-01 -2.529113015577412749e-01 -5.005265749040865852e-01 -4.180084333470471258e-01 1.085849424167800059e+00 0.000000000000000000e+00 0.000000000000000000e+00 0.000000000000000000e+00 0.000000000000000000e+00 0.000000000000000000e+00 0.000000000000000000e+00
6.526808135797702581e-01 -6.130362204410655380e-01 4.727877054400659862e-01 -1.600101201512317550e-01 -1.036963881129530501e-01 -4.495458345510510711e-01 9.207250341285081463e-01 0.000000000000000000e+00 0.000000000000000000e+00 0.000000000000000000e+00 0.000000000000000000e+00 0.000000000000000000e+00
-5.151213805310586036e-01 6.582075967184912724e-01 5.644473855515361738e-01 -2.188840597601359184e-01 -2.790528304699446682e-01 4.319573411485193581e-01 3.798571733079329493e-01 9.476689733013690109e-01 0.000000000000000000e+00 0.000000000000000000e+00 0.000000000000000000e+00 0.000000000000000000e+00
6.222238912291776503e-01 -4.559213358263548566e-01 2.169894862138120328e-01 1.310341687145220035e-01 -4.432585550849338363e-01 -3.648670595163350239e-02 -1.718843228553751379e-01 -4.706694352441571083e-01 8.754826341775520104e-01 0.000000000000000000e+00 0.000000000000000000e+00 0.000000000000000000e+00
-5.535280363529675451e-01 5.630050226138086922e-01 -5.860186978411929815e-01 -2.031036559667924457e-01 -7.526745291578716690e-02 2.393623766336475389e-01 4.143218450852635959e-01 -4.854992189598270058e-02 -3.126735259264645794e-01 8.699213517495764103e-01 0.000000000000000000e+00 0.000000000000000000e+00
-6.169208468756797181e-01 3.097413621938247541e-01 2.453640393087426208e-01 2.815761234552128234e-01 -5.036835255549193535e-01 -4.127085044124758073e-01 1.721954407775189433e-01 4.714014642865357319e-01 3.805096741781076597e-01 -3.868535824969422388e-01 7.324038562952188691e-01 0.000000000000000000e+00
5.044107739154738423e-01 4.500740148499620674e-01 6.836054409303126134e-01 2.712778111463108877e-01 1.905605270397184581e-01 5.392449514242443342e-01 1.855352271058657021e-01 -4.713148082838087838e-01 3.150737035694255450e-01 -1.855929791697702447e-01 -2.694762777076460947e-01 6.335350799206045380e-01
