1.632284425810606399e+00 0.000000000000000000e+00 0.000000000000000000e+00 0.000000000000000000e+00 0.000000000000000000e+00 0.000000000000000000e+00 0.000000000000000000e+00 0.000000000000000000e+00 0.000000000000000000e+00 0.000000000000000000e+00 0.000000000000000000e+00 0.000000000000000000e+00 0.000000000000000000e+00 0.000000000000000000e+00 0.000000000000000000e+00 0.000000000000000000e+00 0.000000000000000000e+00 0.000000000000000000e+00 0.000000000000000000e+00 0.000000000000000000e+00 0.000000000000000000e+00 0.000000000000000000e+00 0.000000000000000000e+00
7.741051742566703586e-01 1.413380524276069306e+00 0.000000000000000000e+00 0.000000000000000000e+00 0.000000000000000000e+00 0.000000000000000000e+00 0.000000000000000000e+00 0.000000000000000000e+00 0.000000000000000000e+00 0.000000000000000000e+00 0.000000000000000000e+00 0.000000000000000000e+00 0.000000000000000000e+00 0.000000000000000000e+00 0.000000000000000000e+00 0.000000000000000000e+00 0.000000000000000000e+00 0.000000000000000000e+00 0.000000000000000000e+00 0.000000000000000000e+00 0.000000000000000000e+00 0.000000000000000000e+00 0.000000000000000000e+00
-5.289690568877565280e-01 6.209120366453982909e-01 1.426048649442278382e+00 0.000000000000000000e+00 0.000000000000000000e+00 0.000000000000000000e+00 0.000000000000000000e+00 0.000000000000000000e+00 0.000000000000000000e+00 0.000000000000000000e+00 0.000000000000000000e+00 0.000000000000000000e+00 0.000000000000000000e+00 0.000000000000000000e+00 0.000000000000000000e+00 0.000000000000000000e+00 0.000000000000000000e+00 0.000000000000000000e+00 0.000000000000000000e+00 0.000000000000000000e+00 0.000000000000000000e+00 0.000000000000000000e+00 0.000000000000000000e+00
-6.076719184938763618e-01 -4.038076407134794654e-01 -5.491786795179307568e-01 1.439737260134879016e+00 0.000000000000000000e+00 0.000000000000000000e+00 0.000000000000000000e+00 0.000000000000000000e+00 0.000000000000000000e+00 0.000000000000000000e+00 0.000000000000000000e+00 0.000000000000000000e+00 0.000000000000000000e+00 0.000000000000000000e+00 0.000000000000000000e+00 0.000000000000000000e+00 0.000000000000000000e+00 0.000000000000000000e+00 0.000000000000000000e+00 0.000000000000000000e+00 0.000000000000000000e+00 0.000000000000000000e+00 0.000000000000000000e+00
-5.958438878422666063e-01 -5.153497937844601084e-01 -2.411161585640174063e-02 -7.032486709260763469e-01 1.289291719026386618e+00 0.000000000000000000e+00 0.000000000000000000e+00 0.000000000000000000e+00 0.000000000000000000e+00 0.000000000000000000e+00 0.000000000000000000e+00 0.000000000000000000e+00 0.000000000000000000e+00 0.000000000000000000e+00 0.000000000000000000e+00 0.000000000000000000e+00 0.000000000000000000e+00 0.000000000000000000e+00 0.000000000000000000e+00 0.000000000000000000e+00 0.000000000000000000e+00 0.000000000000000000e+00 0.000000000000000000e+00
1.189950804766813086e-01 6.458284726403527021e-01 -4.387949531058678021e-01 -6.794935630134192328e-01 -3.090895854414225652e-01 1.361632981392221886e+00 0.000000000000000000e+00 0.000000000000000000e+00 0.000000000000000000e+00 0.000000000000000000e+00 0.000000000000000000e+00 0.000000000000000000e+00 0.000000000000000000e+00 0.000000000000000000e+00 0.000000000000000000e+00 0.000000000000000000e+00 0.000000000000000000e+00 0.000000000000000000e+00 0.000000000000000000e+00 0.000000000000000000e+00 0.000000000000000000e+00 0.000000000000000000e+00 0.000000000000000000e+00
6.562713971937692570e-01 2.287812212331099548e-01 2.046382122324517661e-01 5.384531677887323398e-02 7.605155777966882483e-03 6.192960179787416752e-01 1.243175180976733074e+00 0.000000000000000000e+00 0.000000000000000000e+00 0.000000000000000000e+00 0.000000000000000000e+00 0.000000000000000000e+00 0.000000000000000000e+00 0.000000000000000000e+00 0.000000000000000000e+00 0.000000000000000000e+00 0.000000000000000000e+00 0.000000000000000000e+00 0.000000000000000000e+00 0.000000000000000000e+00 0.000000000000000000e+00 0.000000000000000000e+00 0.000000000000000000e+00
3.089546033896578558e-01 3.755552914092142452e-02 1.618439222150461765e-01 3.449295532245324480e-01 -4.107744444382612214e-01 -6.528992690538132360e-01 -4.362533265812157945e-01 1.266363844814158757e+00 0.000000000000000000e+00 0.000000000000000000e+00 0.000000000000000000e+00 0.000000000000000000e+00 0.000000000000000000e+00 0.000000000000000000e+00 0.000000000000000000e+00 0.000000000000000000e+00 0.000000000000000000e+00 0.000000000000000000e+00 0.000000000000000000e+00 0.000000000000000000e+00 0.000000000000000000e+00 0.000000000000000000e+00 0.000000000000000000e+00
-6.140349259505898383e-01 -6.486771455344138015e-01 3.155437892673946809e-01 -4.269180353059255639e-02 5.146736926797834677e-01 -5.749938946812703788e-01 2.051942568520642440e-01 3.218088695614357286e-01 1.152150001091708953e+00 0.000000000000000000e+00 0.000000000000000000e+00 0.000000000000000000e+00 0.000000000000000000e+00 0.000000000000000000e+00 0.000000000000000000e+00 0.000000000000000000e+00 0.000000000000000000e+00 0.000000000000000000e+00 0.000000000000000000e+00 0.000000000000000000e+00 0.000000000000000000e+00 0.000000000000000000e+00 0.000000000000000000e+00
-7.266982649252894388e-01 5.940764907777924542e-01 -3.433607060055930416e-01 1.594173227388435143e-01 -6.158115647804452975e-01 -4.605614760572724897e-01 3.975111360949726280e-01 4.612775047547670870e-01 4.436761097413460253e-01 1.142654951674145769e+00 0.000000000000000000e+00 0.000000000000000000e+00 0.000000000000000000e+00 0.000000000000000000e+00 0.000000000000000000e+00 0.000000000000000000e+00 0.000000000000000000e+00 0.000000000000000000e+00 0.000000000000000000e+00 0.000000000000000000e+00 0.000000000000000000e+00 0.000000000000000000e+00 0.000000000000000000e+00
-2.147510431233233819e-01 -6.543833671231924498e-01 2.550599946504553683e-01 6.222783588283802292e-01 -8.581862004644133513e-02 -2.842356982040510904e-01 4.393381117642103373e-01 1.448989271183979688e-01 -3.604664799625029170e-01 -5.226494087159697655e-01 1.015084667585911760e+00 0.000000000000000000e+00 0.000000000000000000e+00 0.000000000000000000e+00 0.000000000000000000e+00 0.000000000000000000e+00 0.000000000000000000e+00 0.000000000000000000e+00 0.000000000000000000e+00 0.000000000000000000e+00 0.000000000000000000e+00 0.000000000000000000e+00 0.000000000000000000e+00
5.097065035880310457e-01 -3.986297702465557147e-01 6.508911821680508636e-01 9.207893367969430254e-02 -5.911460162952292263e-01 -5.011495469391868962e-01 6.196449092206397502e-01 4.684124205813818276e-01 2.875568770235216731e-01 -3.209326878953212003e-01 -4.235648570703209326e-01 9.916927648542906981e-01 0.000000000000000000e+00 0.000000000000000000e+00 0.000000000000000000e+00 0.000000000000000000e+00 0.000000000000000000e+00 0.000000000000000000e+00 0.000000000000000000e+00 0.000000000000000000e+00 0.000000000000000000e+00 0.000000000000000000e+00 0.000000000000000000e+00
-1.913923539468340151e-01 -4.409189261113117264e-01 -3.732742732825350407e-01 3.038125101456203292e-01 -4.580980101006826843e-01 5.030726346692780959e-01 -5.404598111669680627e-01 4.503521176060044651e-01 5.143107062394187690e-01 -3.275590184110527270e-01 -4.332367025729746968e-01 -2.074478412455873499e-01 9.446915070386018298e-01 0.000000000000000000e+00 0.000000000000000000e+00 0.000000000000000000e+00 0.000000000000000000e+00 0.000000000000000000e+00 0.000000000000000000e+00 0.000000000000000000e+00 0.000000000000000000e+00 0.000000000000000000e+00 0.000000000000000000e+00
4.456574735666802289e-01 4.961822234753003602e-02 5.638397773572523253e-01 6.614705759041031863e-01 -2.801511868220250921e-03 5.597913140401156173e-01 -2.818341743004973421e-01 5.586094971123712893e-01 -1.766081662780674411e-01 -3.923865671252984022e-01 -3.862999331462731445e-01 4.338042980722456310e-01 -4.696968988363661723e-01 8.836941560024368369e-01 0.000000000000000000e+00 0.000000000000000000e+00 0.000000000000000000e+00 0.000000000000000000e+00 0.000000000000000000e+00 0.000000000000000000e+00 0.000000000000000000e+00 0.000000000000000000e+00 0.000000000000000000e+00
7.597008004291359029e-01 5.026607449163987829e-01 -6.292200973101066408e-01 3.132897372243511613e-01 4.040746109855421486e-01 -8.975006062610703383e-02 -5.099080377532481251e-02 -6.189747800295508640e-01 -5.422622334050538617e-01 -5.110550586390887745e-02 -3.824070306367775007e-01 -4.266425096496280767e-01 8.858343819986919110e-02 1.499087196725854831e-01 8.650837851882843266e-01 0.000000000000000000e+00 0.000000000000000000e+00 0.000000000000000000e+00 0.000000000000000000e+00 0.000000000000000000e+00 0.000000000000000000e+00 0.000000000000000000e+00 0.000000000000000000e+00
-3.727532305106109334e-01 -4.272003700823189809e-01 -5.408586933351284820e-01 2.150455150114531366e-01 -5.696460638882057115e-01 -2.589301281085937267e-01 5.223259010798756430e-01 1.508427687242692994e-01 2.118329741633045993e-01 -2.431447943994790584e-01 2.317375249189174424e-01 -3.009344883409527105e-01 4.712605259358903509e-01 -3.666719213530784671e-01 -3.855623272299554816e-01 7.929188578830983491e-01 0.000000000000000000e+00 0.000000000000000000e+00 0.000000000000000000e+00 0.000000000000000000e+00 0.000000000000000000e+00 0.000000000000000000e+00 0.000000000000000000e+00
5.874840820877077485e-01 2.034935038533854101e-02 -3.027883918045706224e-01 6.202898584689832129e-01 -2.603133518590470818e-01 -9.635816823840845369e-02 4.488116124587059885e-01 3.590972902769102304e-01 3.513098768168335106e-01 4.418639491640775629e-01 -2.497195729837906608e-01 3.034218797437926995e-01 2.964247929366046197e-01 -3.783323157610364862e-01 -3.012663419362974770e-01 -3.002097081058917594e-01 8.446393734629390471e-01 0.000000000000000000e+00 0.000000000000000000e+00 0.000000000000000000e+00 0.000000000000000000e+00 0.000000000000000000e+00 0.000000000000000000e+00
6.942903032730349810e-01 -4.519452354163410734e-01 -5.480523655541081895e-01 1.723903145034207662e-01 3.439129135271488669e-01 4.829983074757423500e-01 -2.874269944191078507e-01 7.739969375983493660e-02 9.342728052705111252e-02 4.625597794879905411e-01 -3.341950541297307731e-01 3.304339105371637553e-01 3.931752823474215508e-01 -3.239982834531210387e-02 2.352829160311612627e-02 -3.565399613715634630e-01 3.859678969052107167e-01 8.474578495828801739e-01 0.000000000000000000e+00 0.000000000000000000e+00 0.000000000000000000e+00 0.000000000000000000e+00 0.000000000000000000e+00
8.064917189203385517e-01 -5.299501627784508617e-01 5.144083004699726569e-01 9.759815723189450842e-02 -5.100737783078092974e-02 5.867556806331989394e-01 2.013617948919311229e-01 7.601967256259380135e-02 -3.509116647760772700e-01 2.634118792864629244e-01 2.101272830898949506e-01 1.167445574479915732e-01 -3.068901317312467403e-01 1.668228886360114960e-01 2.128192428088288290e-01 3.683920599602361068e-01 3.195774586804705497e-01 -3.187993838671946412e-01 8.325173069247279178e-01 0.000000000000000000e+00 0.000000000000000000e+00 0.000000000000000000e+00 0.000000000000000000e+00
-1.834005099333811117e-01 -3.726251828988819126e-01 2.111264651425912020e-01 4.243830107541992080e-01 1.825023078191249370e-01 5.384502579817972423e-01 -4.075081513680599565e-01 -2.708112042925418517e-01 -5.310833701969108755e-01 4.614971128214953033e-01 3.282866860770951023e-01 2.025384391340250279e-01 2.995109081683902663e-01 3.205095281409729435e-01 1.973337730203438001e-01 -3.632760549069000700e-01 -2.102629354067252765e-01 -3.650596079789791837e-01 -3.721536061429760456e-01 7.131262146520586098e-01 0.000000000000000000e+00 0.000000000000000000e+00 0.000000000000000000e+00
3.056511767761449505e-01 -4.567496828561449784e-01 1.789730918853573577e-02 5.507861815676735606e-01 -1.050863883714710512e-01 -2.507120946762255165e-01 -5.626248895762469004e-01 -6.262378602030613806e-01 -3.858698880551383881e-01 1.433063149255509039e-01 1.908041632029250645e-01 -3.323868930994412496e-01 -4.291334859772134025e-01 2.385856894543902373e-01 2.681937989518981547e-01 8.485567098861607205e-02 3.644881429105712445e-01 3.250154599283717749e-01 -1.570585779229068391e-01 -2.738229286886842417e-01 6.622404506011518865e-01 0.000000000000000000e+00 0.000000000000000000e+00
-2.957991811813330263e-01 -1.880904199650145769e-01 -5.193706492185744539e-01 6.427056213920758765e-01 -5.617399239269248445e-01 3.916323836339462572e-01 5.306355469956919313e-01 -5.357684483192415303e-01 -3.206060975878673447e-01 4.927619597155642461e-01 4.731041961758079561e-01 -3.391723117430172491e-02 4.366501798958651870e-01 -1.351662692975842961e-01 -4.278630641780900024e-01 -7.001136438892696656e-02 2.959973930747705761e-01 2.571954899430192176e-01 3.565138858617571405e-01 -9.069387161923558871e-02 -2.221363394640986921e-01 6.033794164887790190e-01 0.000000000000000000e+00
-4.899596605289174844e-01 -4.289606933600250138e-01 -4.030441525280783477e-01 6.035817598520204497e-02 -3.528300327082027343e-01 -6.565589784624247249e-01 8.115964727949438740e-02 3.008860866287683122e-01 -4.083475063495048962e-01 4.280654104341630184e-01 -2.358813950310958141e-01 -1.885170928305935079e-01 -1.922616951012584841e-01 -3.490790996593861606e-01 4.299578216182946555e-01 2.111376552807993634e-01 -2.156923183216055695e-01 -1.955613835768007513e-01 2.029837783663544226e-01 1.724647685283499932e-01 2.474337508064894664e-01 2.720474991382206276e-01 5.927719335941717960e-01
